3
4
8
9
18
21
23
29
31
33
35
36
37
40
51
53
60
60
63
68
71
80
88
92
93
100
108
108
112
116
119
125
125
129
136
136
139
144
149
159
161
164
166
168
169
170
181
182
184
184
187
188
192
202
206
229
241
245
247
247
251
252
265
273
278
278
280
290
297
303
315
319
320
321
322
331
335
335
339
341
346
347
351
351
358
358
358
360
362
373
376
378
378
379
380
381
384
396
403
403
405
406
408
421
421
422
432
432
434
436
439
445
457
457
462
470
476
477
481
485
485
485
488
491
495
496
500
505
513
525
527
528
530
534
534
535
535
536
538
541
542
549
550
557
559
565
570
574
583
593
593
594
595
595
597
602
605
626
631
633
643
648
648
649
654
661
666
677
678
685
688
692
694
700
706
708
710
711
714
720
720
726
730
730
735
737
737
738
746
748
754
756
763
764
768
770
771
772
775
793
796
806
808
808
812
823
829
829
832
833
834
835
840
844
845
847
848
857
858
869
872
874
876
889
894
897
899
906
908
925
932
945
947
948
949
952
952
954
957
957
957
964
968
985
986
989
991
993
997
998
998
999
1002
1015
1015
1018
1024
1027
1033
1034
1037
1043
1043
1045
1045
1047
1048
1051
1055
1057
1065
1067
1072
1075
1075
1078
1083
1083
1086
1086
1086
1100
1100
1103
1112
1115
1117
1122
1123
1126
1128
1129
1130
1136
1144
1147
1148
1155
1157
1159
1166
1168
1169
1171
1172
1172
1179
1183
1183
1186
1192
1194
1195
1201
1201
1205
1207
1210
1211
1221
1223
1225
1227
1230
1232
1234
1237
1237
1242
1242
1246
1246
1254
1254
1265
1270
1270
1271
1280
1284
1284
1293
1295
1300
1305
1308
1313
1335
1338
1339
1343
1344
1346
1347
1349
1352
1354
1354
1363
1372
1378
1386
1389
1390
1394
1398
1399
1399
1406
1410
1415
1416
1419
1427
1429
1431
1433
1436
1441
1444
1448
1450
1454
1457
1459
1464
1466
1482
1484
1496
1497
1498
1501
1510
1513
1514
1521
1530
1535
1551
1552
1555
1555
1559
1567
1571
1579
1596
1600
1601
1606
1612
1620
1621
1622
1631
1631
1631
1634
1637
1638
1639
1639
1641
1642
1644
1655
1662
1662
1669
1678
1680
1688
1694
1702
1711
1716
1717
1718
1728
1729
1732
1739
1743
1744
1744
1748
1754
1756
1763
1765
1777
1783
1784
1790
1795
1805
1805
1805
1808
1811
1814
1818
1822
1825
1833
1837
1838
1841
1843
1849
1853
1854
1859
1865
1866
1875
1877
1881
1884
1885
1885
1891
1892
1898
1907
1909
1913
1916
1918
1919
1925
1932
1935
1935
1938
1940
1947
1953
1956
1957
1965
1977
1983
1987
1995
1995
1997
1998
1999
2001
2001
2007
2007
2009
2009
2011
2013
2013
2014
2017
2025
2030
2031
2033
2034
2034
2041
2042
2045
2061
2063
2065
2072
2077
2081
2082
2084
2090
2091
2098
2100
2110
2112
2115
2118
2121
2131
2136
2140
2148
2154
2154
2156
2168
2171
2172
2179
2184
2187
2191
2196
2197
2200
2205
2217
2223
2225
2229
2230
2243
2244
2251
2255
2255
2260
2261
2265
2266
2267
2267
2270
2285
2288
2292
2292
2293
2295
2295
2296
2302
2306
2311
2311
2314
2317
2321
2322
2323
2328
2339
2349
2352
2354
2356
2366
2369
2371
2377
2387
2392
2398
2399
2400
2400
2407
2407
2415
2415
2422
2423
2437
2450
2457
2457
2460
2460
2467
2469
2470
2470
2477
2483
2486
2488
2489
2491
2496
2497
2502
2513
2520
2523
2523
2523
2526
2532
2545
2547
2549
2554
2555
2560
2565
2565
2566
2566
2568
2575
2584
2588
2590
2596
2597
2598
2601
2602
2608
2612
2616
2622
2622
2630
2633
2634
2643
2645
2652
2672
2672
2690
2693
2701
2701
2707
2709
2713
2715
2725
2727
2729
2735
2736
2741
2750
2756
2757
2758
2759
2764
2771
2778
2778
2783
2785
2791
2793
2804
2804
2808
2809
2810
2816
2817
2818
2818
2824
2829
2831
2832
2833
2835
2836
2840
2843
2844
2845
2846
2847
2850
2856
2860
2860
2861
2862
2862
2863
2867
2873
2882
2883
2884
2884
2887
2888
2890
2891
2891
2894
2901
2901
2928
2940
2942
2951
2954
2974
2979
2981
2983
2987
3007
3007
3010
3020
3021
3021
3022
3025
3031
3037
3040
3043
3044
3045
3050
3055
3057
3063
3067
3076
3085
3090
3092
3102
3106
3130
3132
3133
3140
3141
3146
3147
3150
3160
3163
3163
3165
3168
3169
3171
3173
3177
3181
3184
3185
3192
3199
3200
3203
3210
3210
3214
3215
3218
3224
3246
3246
3249
3254
3265
3269
3282
3292
3294
3298
3301
3305
3305
3306
3315
3316
3327
3329
3330
3347
3351
3351
3353
3355
3360
3362
3364
3364
3378
3382
3384
3387
3390
3393
3395
3396
3400
3405
3409
3409
3410
3414
3414
3418
3423
3427
3429
3454
3454
3457
3457
3463
3466
3477
3478
3483
3485
3486
3490
3490
3490
3497
3501
3503
3506
3508
3511
3518
3518
3519
3526
3526
3529
3536
3544
3545
3545
3551
3552
3556
3556
3563
3565
3565
3568
3576
3578
3582
3583
3590
3592
3593
3599
3603
3604
3607
3610
3616
3617
3619
3621
3623
3631
3636
3636
3637
3640
3642
3649
3650
3657
3661
3668
3671
3687
3691
3695
3708
3712
3714
3719
3724
3728
3729
3736
3745
3750
3755
3763
3775
3777
3781
3784
3785
3788
3789
3793
3800
3807
3819
3825
3826
3827
3829
3830
3831
3837
3855
3857
3866
3868
3881
3881
3895
3898
3900
3900
3902
3909
3913
3913
3914
3915
3919
3921
3931
3941
3949
3953
3954
3956
3957
3958
3959
3962
3971
3974
3976
3978
3984
3999
4001
4002
4002
4003
4004
4007
4009
4015
4016
4020
4023
4025
4026
4026
4027
4034
4037
4038
4041
4041
4042
4045
4046
4053
4055
4066
4073
4075
4079
4084
4087
4088
4094
4095
4099
4099
4104
4108
4119
4125
4130
4132
4136
4137
4137
4143
4151
4154
4154
4174
4174
4176
4182
4197
4201
4209
4209
4211
4214
4215
4216
4217
4226
4230
4230
4236
4243
4246
4247
4247
4252
4260
4261
4264
4271
4279
4280
4281
4283
4294
4296
4296
4296
4296
4301
4301
4306
4307
4313
4322
4326
4330
4331
4332
4333
4334
4334
4334
4339
4340
4343
4352
4360
4364
4372
4372
4375
4375
4376
4379
4390
4393
4396
4398
4411
4421
4422
4425
4432
4434
4434
4435
4450
4452
4468
4477
4481
4483
4483
4490
4492
4493
4498
4498
4499
4500
4502
4502
4506
4514
4522
4528
4532
4537
4538
4538
4542
4544
4546
4548
4548
4549
4554
4560
4571
4573
4574
4578
4584
4587
4591
4594
4600
4601
4602
4610
4622
4622
4631
4640
4643
4645
4652
4666
4667
4674
4675
4675
4677
4679
4683
4688
4691
4701
4706
4708
4713
4716
4716
4717
4725
4735
4739
4741
4741
4742
4742
4764
4773
4780
4793
4794
4798
4810
4811
4811
4812
4816
4817
4818
4818
4822
4824
4833
4834
4834
4837
4847
4849
4856
4858
4867
4871
4877
4883
4885
4885
4887
4890
4901
4907
4910
4911
4913
4914
4915
4916
4937
4937
4942
4951
4952
4953
4958
4963
4966
4985
4993
5004
5006
5015
5016
5017
5024
5026
5036
5040
5054
5057
5062
5063
5066
5066
5067
5069
5070
5072
5072
5077
5084
5088
5092
5098
5105
5111
5112
5115
5120
5128
5130
5132
5140
5145
5146
5147
5153
5154
5170
5176
5178
5179
5180
5185
5185
5186
5194
5214
5215
5216
5223
5225
5231
5231
5233
5233
5234
5247
5247
5250
5261
5270
5272
5273
5275
5277
5278
5278
5279
5279
5281
5282
5300
5302
5304
5305
5310
5314
5314
5318
5318
5319
5320
5322
5324
5333
5337
5338
5342
5346
5347
5353
5359
5360
5360
5375
5384
5394
5395
5396
5403
5404
5410
5414
5418
5418
5420
5426
5433
5433
5433
5434
5437
5447
5453
5454
5456
5458
5458
5465
5468
5471
5473
5478
5489
5502
5505
5509
5511
5517
5526
5526
5527
5528
5535
5547
5551
5553
5562
5563
5565
5566
5568
5572
5573
5573
5579
5584
5588
5596
5600
5600
5610
5611
5612
5614
5617
5618
5620
5626
5629
5638
5641
5644
5646
5646
5649
5654
5656
5657
5663
5670
5671
5674
5686
5690
5690
5694
5696
5699
5706
5708
5712
5713
5724
5724
5728
5730
5732
5735
5738
5743
5745
5753
5757
5763
5771
5786
5795
5799
5807
5808
5811
5814
5818
5821
5822
5824
5831
5832
5835
5839
5850
5850
5851
5864
5867
5882
5883
5889
5893
5905
5906
5913
5927
5932
5935
5939
5952
5952
5952
5957
5964
5965
5971
5972
5974
5977
5986
5989
5999
6000
6007
6009
6013
6023
6023
6029
6043
6047
6049
6052
6062
6063
6063
6068
6071
6071
6072
6078
6082
6085
6085
6090
6097
6098
6100
6108
6108
6109
6110
6115
6115
6121
6125
6143
6146
6149
6150
6151
6154
6159
6164
6166
6166
6168
6171
6173
6178
6185
6187
6188
6189
6190
6193
6203
6219
6219
6225
6227
6232
6243
6269
6279
6286
6294
6296
6297
6300
6301
6301
6303
6308
6312
6315
6316
6317
6326
6328
6331
6332
6334
6340
6341
6349
6350
6353
6354
6355
6358
6360
6362
6363
6366
6375
6377
6379
6397
6400
6401
6406
6406
6423
6423
6426
6427
6428
6435
6442
6447
6447
6447
6448
6459
6459
6463
6464
6466
6466
6469
6474
6476
6478
6480
6481
6484
6484
6501
6505
6507
6513
6520
6522
6527
6528
6528
6530
6542
6542
6544
6546
6547
6554
6557
6560
6562
6582
6587
6592
6596
6599
6602
6606
6616
6623
6627
6630
6630
6631
6641
6641
6652
6655
6660
6663
6669
6676
6681
6686
6692
6714
6715
6722
6727
6732
6739
6741
6756
6765
6765
6769
6769
6773
6791
6791
6795
6795
6797
6798
6808
6813
6815
6816
6817
6821
6825
6826
6828
6830
6832
6833
6835
6838
6852
6853
6857
6859
6864
6869
6874
6876
6880
6885
6902
6903
6910
6915
6917
6927
6931
6932
6933
6944
6950
6954
6958
6958
6963
6970
6973
6975
6976
6978
6980
6982
6989
6996
7004
7006
7007
7013
7023
7024
7029
7030
7038
7038
7047
7053
7054
7061
7064
7065
7067
7067
7071
7071
7072
7076
7078
7082
7086
7088
7099
7101
7105
7111
7120
7139
7142
7146
7148
7152
7153
7159
7161
7169
7170
7172
7173
7173
7174
7175
7176
7184
7188
7188
7190
7203
7213
7215
7215
7219
7221
7222
7228
7233
7236
7243
7258
7261
7262
7265
7267
7267
7268
7273
7277
7278
7289
7290
7304
7306
7307
7308
7308
7310
7317
7322
7323
7324
7334
7339
7339
7346
7346
7346
7353
7373
7376
7391
7401
7404
7410
7414
7419
7423
7424
7424
7426
7437
7440
7445
7446
7447
7470
7483
7485
7486
7487
7490
7496
7504
7511
7513
7514
7515
7532
7541
7543
7544
7548
7551
7552
7553
7554
7559
7562
7566
7568
7581
7585
7585
7586
7601
7603
7604
7606
7607
7611
7617
7619
7630
7635
7641
7642
7643
7657
7660
7664
7664
7664
7670
7671
7683
7686
7687
7692
7694
7695
7719
7719
7728
7738
7758
7762
7766
7768
7769
7773
7776
7776
7795
7798
7801
7807
7808
7811
7819
7823
7824
7824
7827
7828
7839
7841
7843
7849
7854
7855
7858
7861
7865
7868
7877
7879
7881
7889
7891
7895
7898
7902
7903
7915
7922
7926
7933
7936
7938
7941
7950
7952
7961
7971
7979
7980
7984
7994
7995
7998
7999
8001
8001
8001
8002
8006
8010
8015
8016
8017
8023
8026
8027
8028
8030
8035
8036
8037
8041
8045
8047
8064
8066
8067
8070
8071
8075
8086
8094
8098
8103
8104
8104
8120
8121
8127
8129
8135
8136
8137
8138
8139
8149
8152
8159
8160
8167
8172
8175
8179
8179
8180
8188
8190
