84
103
232
240
240
274
366
371
394
427
438
467
546
647
658
711
715
782
832
850
948
954
1031
1037
1063
1140
1244
1266
1287
1335
1361
1481
1550
1567
1666
1692
1763
1854
2038
2071
2081
2088
2101
2114
2122
2146
2175
2187
2214
2222
2257
2279
2280
2293
2304
2463
2464
2488
2533
2534
2610
2630
2700
2748
2820
2853
2880
2902
2907
2972
2974
2991
2996
3052
3154
3155
3215
3219
3250
3257
3258
3305
3387
3412
3460
3539
3589
3688
3792
3820
3828
3830
3933
3937
4004
4012
4033
4099
4180
4239
4257
4308
4338
4342
4344
4407
4441
4526
4554
4569
4641
4777
4787
4798
4824
4864
4867
4877
4978
5034
5078
5150
5214
5266
5303
5377
5381
5393
5446
5525
5534
5538
5540
5550
5608
5679
5692
5833
5916
5935
5945
5964
6027
6094
6141
6165
6218
6246
6263
6332
6423
6425
6457
6467
6467
6488
6511
6566
6578
6643
6661
6726
6762
6898
6986
6987
6996
7074
7114
7178
7292
7299
7323
7348
7372
7509
7544
7612
7633
7666
7686
7702
7722
7740
7773
7778
7787
7801
7851
7893
7921
7930
7945
8015
8066
8069
8114
8150
8174
8175
