70
156
220
369
372
422
447
518
580
660
721
748
762
811
886
916
995
1109
1156
1208
1235
1245
1311
1373
1390
1394
1421
1465
1547
1574
1595
1689
1752
1756
1773
1785
1856
1867
1871
1884
1903
1912
1928
1987
1990
1999
2048
2084
2114
2137
2183
2248
2317
2328
2423
2537
2587
2650
2671
2703
2706
2755
2855
2886
2932
2936
2962
3019
3132
3149
3151
3230
3290
3305
3314
3330
3348
3358
3360
3376
3388
3406
3416
3430
3443
3541
3605
3634
3638
3644
3666
3667
3673
3731
3739
3744
3749
3814
3818
3849
3870
3928
3940
4041
4088
4111
4141
4184
4199
4273
4292
4294
4307
4376
4416
4431
4482
4554
4604
4698
4719
4778
4846
4887
4923
4968
4976
5098
5103
5108
5112
5149
5182
5272
5288
5351
5397
5438
5491
5498
5583
5604
5734
5772
5791
5865
5925
5944
5959
5990
5993
6010
6091
6093
6120
6122
6204
6204
6215
6226
6230
6262
6267
6303
6323
6359
6485
6488
6520
6560
6571
6626
6651
6706
6719
6774
6816
6888
6891
6944
6951
7038
7115
7127
7227
7257
7270
7281
7315
7370
7432
7498
7617
7682
7705
7716
7815
7830
8039
8068
