11
62
119
166
314
330
394
416
448
461
465
494
553
559
585
588
617
619
661
668
685
686
709
817
939
940
963
995
1053
1056
1078
1111
1148
1237
1239
1246
1311
1322
1325
1364
1441
1444
1488
1494
1537
1557
1650
1658
1659
1710
1764
1804
1822
1951
2030
2052
2097
2123
2129
2374
2377
2395
2502
2550
2643
2676
2712
2820
2899
2939
2967
3054
3119
3124
3127
3256
3291
3292
3435
3493
3519
3519
3520
3560
3586
3612
3687
3734
3895
3937
3957
3968
4029
4113
4152
4234
4273
4319
4353
4382
4426
4429
4525
4553
4618
4654
4654
4691
4745
4807
4878
4938
4985
5006
5021
5068
5152
5206
5251
5303
5312
5340
5350
5415
5446
5465
5465
5478
5612
5634
5643
5732
5780
5783
5886
5951
5959
5985
5990
5999
6000
6004
6071
6140
6253
6263
6274
6379
6408
6443
6450
6451
6451
6479
6487
6535
6583
6587
6623
6682
6731
6733
6820
6838
6878
7001
7030
7031
7056
7065
7069
7159
7169
7232
7244
7265
7300
7301
7313
7339
7339
7362
7386
7467
7546
7552
7685
7695
7699
7770
7799
7858
7863
7877
7924
7944
8031
8055
8071
8190
