61
168
171
203
211
288
295
308
330
335
344
383
403
497
499
609
660
705
722
737
751
791
795
822
883
915
955
1051
1082
1117
1131
1173
1209
1230
1349
1379
1412
1415
1442
1455
1459
1507
1543
1619
1622
1696
1739
1759
1766
1791
1873
1917
1930
1962
2010
2139
2170
2274
2284
2313
2315
2343
2529
2562
2605
2697
2707
2726
2768
2796
2840
2974
3053
3066
3157
3189
3230
3307
3344
3400
3441
3460
3482
3555
3567
3569
3584
3611
3612
3644
3646
3675
3680
3704
3751
3792
3812
3841
3866
3979
4066
4085
4239
4248
4311
4378
4430
4476
4520
4597
4606
4607
4620
4676
4740
4751
4755
4763
4778
4870
4895
4934
4939
5161
5186
5229
5261
5266
5283
5301
5363
5384
5431
5512
5527
5564
5633
5637
5689
5700
5770
5789
5834
5887
5967
5976
5977
6002
6066
6099
6153
6290
6385
6419
6420
6453
6470
6490
6623
6637
6660
6750
6787
6806
6836
6885
6935
7014
7051
7061
7086
7089
7122
7170
7208
7211
7231
7338
7355
7363
7366
7390
7434
7468
7523
7549
7552
7587
7630
7656
7657
7671
7722
7814
7904
7929
7938
8000
8021
8189
