2
19
81
121
135
192
197
204
214
219
276
296
313
317
495
532
569
579
623
644
663
671
676
727
729
795
839
842
849
885
893
929
1020
1100
1161
1192
1200
1261
1266
1272
1302
1328
1336
1375
1449
1534
1585
1606
1623
1637
1646
1694
1748
1821
1970
2000
2045
2085
2255
2271
2279
2330
2490
2604
2641
2662
2676
2714
2730
2766
2798
2815
2852
2881
2907
2919
2938
2942
3066
3081
3157
3189
3207
3224
3245
3253
3257
3329
3334
3397
3459
3476
3495
3501
3584
3642
3738
3743
3821
3878
3906
4000
4014
4036
4038
4044
4062
4224
4257
4331
4338
4396
4419
4428
4456
4544
4636
4654
4792
4817
4841
4879
4892
4898
4901
4959
5066
5076
5080
5151
5155
5169
5207
5234
5274
5294
5357
5405
5491
5515
5540
5598
5619
5688
5703
5723
5810
5893
5919
5925
6013
6039
6075
6121
6200
6231
6236
6255
6321
6326
6362
6366
6400
6411
6414
6414
6444
6487
6498
6553
6662
6685
6708
6712
6736
6886
6901
6915
6922
6941
6983
7082
7085
7099
7138
7167
7182
7229
7354
7449
7569
7581
7674
7687
7715
7733
7756
7838
8041
8143
