0
0
15
18
20
21
31
32
32
37
38
41
42
44
52
52
56
62
64
65
67
70
84
88
89
96
99
109
110
114
116
119
120
121
121
133
140
141
146
147
153
157
159
161
164
165
166
167
179
180
192
192
206
208
210
211
224
227
229
230
237
249
259
261
263
266
269
272
282
287
295
309
317
317
321
332
334
339
347
350
352
355
356
357
362
365
365
366
367
370
375
383
393
405
405
407
408
411
416
419
420
422
423
424
426
427
430
431
435
436
439
442
445
448
449
449
458
461
466
471
475
476
481
483
484
490
491
492
494
507
510
522
523
526
535
543
547
552
559
560
561
562
564
565
568
573
579
580
584
584
586
587
593
597
611
612
616
620
623
625
631
633
638
643
659
663
670
670
682
685
686
688
689
690
696
696
697
700
710
716
718
719
720
726
729
732
736
741
744
745
748
756
762
765
765
766
767
767
776
785
786
791
802
804
806
806
809
810
822
823
826
829
832
832
840
841
842
850
858
861
867
868
869
870
870
872
874
879
883
885
887
888
897
900
908
912
917
920
923
923
928
930
934
935
940
941
946
946
947
949
954
955
957
961
963
971
975
987
988
989
999
1016
1017
1020
1028
1030
1031
1034
1035
1046
1056
1056
1057
1068
1070
1077
1079
1085
1086
1088
1098
1101
1104
1109
1110
1115
1117
1120
1123
1124
1128
1130
1133
1136
1137
1141
1152
1165
1168
1169
1171
1173
1177
1179
1183
1189
1191
1194
1196
1197
1198
1199
1216
1218
1221
1221
1224
1232
1235
1242
1244
1250
1253
1261
1263
1264
1269
1270
1274
1277
1284
1287
1288
1289
1290
1295
1321
1322
1322
1323
1339
1344
1349
1350
1360
1360
1360
1364
1366
1370
1374
1379
1388
1390
1390
1395
1399
1402
1405
1405
1426
1436
1438
1439
1448
1448
1454
1456
1456
1459
1467
1467
1467
1471
1475
1480
1480
1481
1486
1493
1494
1499
1500
1503
1504
1510
1523
1524
1527
1529
1531
1536
1541
1554
1559
1560
1565
1567
1570
1576
1579
1581
1583
1601
1604
1608
1615
1617
1618
1619
1620
1620
1639
1655
1656
1661
1670
1670
1690
1691
1699
1701
1707
1719
1726
1734
1735
1736
1741
1746
1748
1749
1750
1755
1758
1779
1780
1782
1784
1791
1796
1798
1801
1801
1802
1807
1817
1818
1834
1836
1836
1838
1843
1844
1845
1846
1847
1858
1861
1875
1883
1883
1890
1891
1894
1895
1903
1911
1919
1920
1923
1924
1925
1927
1934
1945
1954
1955
1965
1967
1972
1975
1982
1988
1993
1993
1997
1999
1999
2002
2003
2012
2013
2019
2021
2024
2027
2040
2042
2047
2054
2057
2060
2060
2063
2064
2065
2066
2068
2075
2076
2079
2088
2091
2102
2110
2113
2117
2118
2144
2149
2149
2150
2151
2152
2160
2170
2174
2178
2184
2189
2189
2200
2201
2203
2206
2210
2214
2221
2232
2234
2239
2245
2250
2252
2262
2266
2269
2274
2277
2290
2290
2291
2293
2294
2295
2299
2300
2303
2304
2308
2314
2314
2317
2320
2321
2323
2325
2332
2347
2348
2354
2355
2361
2377
2383
2384
2387
2387
2389
2394
2395
2407
2411
2413
2418
2420
2422
2423
2433
2434
2439
2440
2441
2447
2451
2451
2452
2452
2452
2457
2465
2466
2468
2470
2471
2472
2479
2480
2487
2490
2497
2503
2506
2518
2524
2530
2534
2536
2538
2543
2551
2555
2556
2561
2562
2563
2564
2570
2572
2573
2577
2579
2585
2587
2590
2604
2609
2614
2617
2638
2642
2645
2653
2657
2662
2666
2676
2682
2692
2696
2703
2708
2714
2717
2718
2718
2721
2723
2724
2730
2736
2740
2741
2743
2744
2744
2758
2759
2760
2777
2780
2781
2782
2785
2788
2791
2792
2793
2796
2797
2799
2799
2800
2802
2803
2809
2814
2817
2819
2822
2830
2832
2836
2836
2837
2843
2846
2853
2860
2877
2877
2881
2882
2885
2887
2888
2899
2900
2901
2905
2906
2907
2907
2911
2911
2916
2917
2934
2934
2946
2948
2952
2959
2960
2962
2964
2965
2969
2971
2975
2979
2980
2981
2983
2987
3001
3002
3002
3005
3007
3011
3013
3024
3026
3038
3040
3042
3044
3046
3049
3054
3060
3067
3072
3074
3078
3080
3080
3083
3092
3101
3105
3109
3115
3116
3121
3128
3134
3135
3135
3140
3142
3144
3147
3148
3159
3161
3162
3168
3181
3186
3191
3192
3195
3200
3204
3209
3214
3222
3235
3235
3243
3252
3254
3258
3260
3261
3261
3265
3265
3274
3275
3289
3290
3295
3296
3310
3316
3317
3320
3333
3339
3343
3344
3345
3350
3352
3358
3360
3361
3366
3367
3367
3370
3370
3375
3375
3377
3382
3384
3386
3388
3388
3392
3393
3402
3402
3404
3407
3410
3420
3425
3433
3436
3443
3444
3448
3449
3449
3450
3451
3454
3456
3460
3467
3471
3476
3478
3486
3489
3489
3492
3512
3515
3515
3517
3522
3527
3527
3529
3530
3540
3541
3542
3546
3552
3556
3566
3571
3578
3585
3592
3595
3599
3604
3611
3620
3623
3625
3631
3632
3643
3645
3651
3663
3666
3670
3671
3672
3672
3674
3675
3684
3687
3688
3697
3698
3701
3714
3722
3723
3725
3732
3736
3742
3744
3751
3753
3753
3756
3761
3775
3783
3789
3790
3791
3792
3800
3804
3808
3811
3815
3816
3819
3825
3825
3826
3830
3833
3836
3838
3845
3851
3855
3858
3860
3865
3872
3872
3885
3886
3891
3891
3897
3899
3901
3913
3919
3920
3924
3940
3941
3956
3956
3958
3962
3964
3967
3972
3974
3979
3981
3992
4008
4008
4009
4022
4022
4028
4029
4036
4038
4046
4047
4053
4074
4074
4083
4088
4088
4093
4101
4101
4107
4108
4120
4122
4123
4139
4144
4145
4158
4158
4165
4169
4169
4172
4181
4185
4187
4197
4197
4198
4200
4205
4209
4211
4215
4222
4226
4231
4238
4240
4245
4247
4255
4258
4259
4263
4264
4273
4276
4280
4288
4302
4306
4312
4317
4321
4321
4325
4331
4338
4340
4344
4353
4356
4366
4376
4381
4381
4385
4385
4387
4388
4388
4397
4398
4410
4410
4415
4425
4432
4438
4440
4440
4440
4446
4446
4447
4452
4453
4455
4474
4474
4474
4475
4480
4481
4489
4495
4502
4503
4507
4513
4517
4521
4526
4526
4527
4533
4537
4538
4544
4560
4561
4568
4571
4605
4606
4608
4609
4609
4616
4619
4621
4627
4635
4635
4640
4642
4646
4647
4650
4651
4660
4669
4670
4673
4678
4679
4692
4698
4698
4700
4711
4711
4713
4714
4724
4725
4726
4732
4743
4749
4752
4759
4761
4766
4766
4785
4790
4792
4793
4794
4797
4806
4808
4808
4814
4822
4825
4826
4827
4832
4856
4856
4861
4868
4869
4877
4882
4884
4884
4894
4902
4910
4910
4915
4923
4928
4930
4934
4937
4940
4945
4945
4956
4963
4964
4964
4970
4970
4971
4986
4990
4996
5000
5009
5010
5013
5014
5018
5018
5019
5020
5023
5026
5033
5035
5039
5040
5041
5043
5044
5048
5057
5057
5058
5060
5061
5070
5082
5083
5089
5091
5094
5098
5107
5107
5107
5111
5114
5117
5124
5125
5131
5132
5134
5135
5142
5143
5153
5157
5160
5169
5172
5178
5179
5183
5186
5198
5206
5206
5207
5218
5219
5221
5221
5232
5235
5260
5264
5266
5276
5288
5291
5295
5298
5306
5308
5310
5317
5320
5325
5328
5328
5330
5334
5338
5339
5342
5345
5346
5347
5351
5357
5358
5363
5363
5365
5367
5368
5376
5377
5377
5382
5386
5386
5386
5388
5390
5391
5393
5398
5401
5403
5414
5415
5415
5420
5425
5428
5434
5446
5447
5448
5449
5451
5452
5456
5459
5461
5461
5463
5463
5464
5472
5479
5481
5481
5486
5492
5496
5500
5509
5517
5521
5523
5525
5527
5528
5528
5529
5531
5531
5534
5534
5542
5543
5546
5552
5559
5560
5564
5572
5572
5583
5584
5590
5594
5596
5602
5612
5615
5622
5623
5624
5629
5632
5642
5645
5649
5650
5657
5659
5660
5661
5663
5667
5669
5692
5692
5694
5701
5703
5703
5710
5710
5712
5712
5715
5718
5719
5719
5725
5725
5725
5729
5730
5734
5737
5737
5741
5745
5745
5751
5757
5766
5769
5770
5775
5781
5781
5786
5791
5797
5798
5804
5804
5805
5810
5813
5821
5821
5824
5830
5834
5836
5841
5845
5856
5858
5865
5867
5869
5878
5884
5891
5897
5897
5898
5901
5901
5904
5907
5908
5910
5914
5919
5929
5939
5946
5948
5949
5951
5952
5952
5953
5953
5954
5959
5975
5977
5981
5984
5988
5989
5989
5992
5996
5996
6009
6012
6016
6019
6022
6024
6024
6024
6025
6038
6039
6044
6045
6046
6056
6058
6060
6062
6069
6083
6085
6093
6102
6103
6104
6104
6107
6113
6139
6146
6149
6154
6164
6167
6168
6172
6174
6187
6190
6196
6201
6208
6214
6214
6217
6220
6224
6236
6241
6241
6243
6243
6246
6252
6255
6255
6258
6272
6279
6282
6288
6294
6295
6298
6298
6299
6303
6309
6312
6318
6319
6321
6322
6324
6326
6329
6330
6332
6333
6335
6339
6366
6368
6376
6376
6379
6393
6399
6403
6404
6409
6415
6420
6423
6426
6432
6435
6435
6446
6446
6450
6453
6457
6463
6471
6472
6473
6480
6480
6484
6489
6494
6498
6504
6505
6511
6512
6525
6525
6530
6535
6545
6546
6546
6547
6548
6551
6561
6572
6574
6575
6576
6579
6581
6583
6599
6601
6607
6611
6616
6623
6633
6634
6638
6639
6641
6648
6657
6660
6663
6666
6689
6689
6690
6693
6694
6703
6704
6704
6705
6714
6716
6716
6736
6739
6742
6748
6749
6749
6756
6757
6760
6760
6761
6766
6771
6786
6787
6787
6787
6788
6790
6812
6813
6814
6817
6827
6830
6832
6833
6833
6833
6833
6834
6836
6837
6839
6840
6851
6863
6882
6886
6887
6888
6892
6896
6899
6901
6902
6902
6904
6916
6917
6919
6922
6926
6938
6938
6940
6948
6949
6951
6968
6972
6976
6985
6988
6988
6989
6997
7002
7002
7012
7015
7020
7023
7024
7027
7027
7028
7035
7037
7039
7039
7047
7052
7052
7056
7060
7060
7065
7075
7075
7076
7078
7080
7082
7084
7085
7095
7096
7103
7103
7109
7114
7116
7118
7124
7127
7131
7131
7145
7148
7150
7153
7154
7171
7171
7173
7181
7187
7195
7197
7197
7197
7205
7206
7214
7215
7223
7229
7233
7240
7248
7259
7261
7261
7264
7266
7267
7267
7270
7271
7277
7278
7279
7281
7286
7289
7289
7293
7300
7304
7308
7313
7319
7328
7330
7333
7335
7335
7342
7344
7345
7348
7349
7351
7352
7352
7354
7354
7359
7360
7362
7363
7364
7365
7367
7375
7380
7382
7387
7395
7395
7397
7402
7403
7407
7408
7415
7419
7424
7456
7460
7462
7463
7478
7480
7485
7505
7512
7512
7521
7522
7524
7525
7527
7527
7532
7533
7541
7544
7547
7552
7554
7555
7555
7556
7560
7562
7564
7568
7575
7576
7583
7584
7588
7590
7595
7607
7608
7611
7615
7617
7622
7634
7638
7642
7666
7669
7669
7670
7671
7673
7674
7675
7680
7680
7698
7698
7702
7703
7707
7717
7731
7741
7744
7749
7750
7754
7758
7759
7776
7780
7780
7790
7792
7793
7794
7810
7810
7814
7819
7823
7824
7824
7825
7827
7828
7829
7830
7835
7847
7849
7851
7856
7861
7862
7865
7869
7872
7879
7881
7884
7887
7894
7902
7905
7911
7918
7921
7926
7928
7933
7934
7937
7938
7951
7951
7951
7952
7952
7971
7971
7973
7974
7984
7985
7988
7991
7995
7997
8003
8004
8007
8009
8009
8015
8016
8019
8020
8023
8024
8026
8026
8036
8037
8038
8040
8046
8058
8060
8061
8067
8069
8069
8069
8074
8086
8088
8090
8099
8103
8105
8114
8118
8121
8122
8124
8124
8126
8127
8132
8133
8141
8143
8148
8150
8151
8160
8162
8162
8166
8184
8185
8186
8188
