1
9
13
28
58
63
65
67
75
75
78
79
80
81
82
83
84
85
90
93
95
95
111
113
117
130
146
151
153
154
156
157
164
167
172
176
181
195
222
227
231
231
233
234
235
236
239
247
249
250
253
256
274
277
284
285
295
302
308
318
320
320
322
324
324
327
327
328
340
343
344
350
351
365
366
366
367
372
378
383
384
388
392
394
398
427
429
432
432
436
444
449
451
452
463
466
468
470
470
472
476
478
480
480
482
491
492
499
505
507
514
517
518
522
525
525
525
532
534
534
541
544
547
559
565
566
577
586
596
601
602
606
623
625
626
628
638
647
648
655
660
663
667
667
674
678
682
686
691
696
699
707
711
722
723
731
733
747
748
750
753
761
764
770
776
777
778
786
788
797
802
805
809
810
811
812
814
816
819
820
824
831
833
834
834
836
838
838
844
850
851
861
862
863
864
867
869
869
873
877
880
885
891
894
897
900
905
905
914
918
924
927
928
941
947
948
948
954
958
962
962
970
970
972
975
976
994
995
1016
1026
1029
1032
1035
1038
1040
1043
1043
1048
1049
1051
1051
1052
1054
1059
1067
1069
1072
1075
1080
1080
1086
1086
1090
1090
1096
1116
1120
1121
1124
1126
1132
1133
1136
1144
1145
1149
1152
1153
1166
1172
1175
1180
1184
1191
1192
1192
1196
1197
1198
1202
1203
1205
1206
1209
1215
1218
1225
1229
1231
1236
1239
1239
1240
1240
1245
1249
1250
1251
1265
1265
1268
1271
1272
1276
1278
1280
1289
1290
1293
1295
1296
1296
1305
1308
1308
1309
1311
1312
1319
1326
1330
1331
1337
1347
1354
1364
1369
1384
1395
1395
1398
1399
1403
1405
1411
1417
1424
1426
1428
1429
1429
1434
1445
1447
1451
1456
1458
1467
1470
1476
1479
1480
1487
1493
1498
1500
1501
1504
1509
1518
1520
1520
1521
1524
1534
1537
1542
1548
1551
1554
1556
1558
1574
1575
1585
1589
1591
1592
1596
1597
1606
1611
1615
1616
1618
1622
1622
1623
1624
1625
1627
1631
1634
1639
1642
1646
1647
1649
1650
1650
1655
1656
1661
1661
1662
1663
1665
1676
1685
1692
1695
1696
1696
1703
1708
1709
1710
1714
1718
1719
1720
1721
1734
1734
1736
1739
1740
1753
1754
1754
1758
1759
1779
1780
1781
1783
1787
1792
1794
1812
1813
1824
1831
1848
1850
1854
1855
1858
1860
1863
1867
1868
1872
1873
1885
1890
1892
1894
1896
1902
1904
1904
1912
1917
1919
1923
1929
1937
1937
1937
1947
1950
1950
1950
1951
1953
1960
1963
1966
1967
1967
1967
1967
1970
1980
1985
1985
1986
1989
1993
2005
2006
2009
2010
2011
2019
2023
2024
2025
2026
2026
2027
2031
2035
2038
2056
2066
2072
2076
2080
2080
2084
2088
2091
2096
2102
2107
2108
2109
2109
2110
2115
2127
2135
2137
2140
2143
2145
2146
2149
2151
2157
2159
2162
2163
2168
2176
2190
2191
2199
2199
2204
2206
2212
2217
2219
2220
2234
2234
2239
2242
2243
2246
2256
2259
2261
2263
2270
2276
2284
2285
2286
2304
2308
2308
2308
2312
2313
2319
2350
2360
2366
2373
2377
2377
2378
2398
2400
2400
2403
2415
2417
2422
2422
2425
2426
2437
2437
2443
2446
2446
2448
2448
2450
2454
2462
2463
2466
2467
2471
2475
2489
2490
2490
2503
2504
2506
2510
2515
2518
2521
2529
2542
2544
2545
2554
2556
2556
2565
2565
2566
2575
2577
2581
2583
2584
2589
2591
2600
2602
2602
2605
2608
2608
2622
2631
2631
2641
2648
2649
2655
2655
2657
2660
2666
2669
2672
2672
2677
2682
2692
2694
2697
2697
2702
2708
2709
2717
2720
2722
2731
2732
2733
2733
2737
2746
2746
2747
2750
2750
2759
2759
2760
2761
2765
2767
2770
2773
2774
2774
2777
2788
2790
2791
2791
2795
2797
2798
2799
2803
2810
2811
2813
2819
2826
2828
2832
2833
2837
2842
2843
2848
2849
2856
2857
2858
2861
2871
2872
2872
2873
2880
2880
2887
2887
2891
2893
2896
2898
2899
2901
2901
2903
2906
2913
2913
2917
2919
2921
2929
2940
2942
2946
2950
2958
2969
2978
2983
2990
2993
3011
3013
3014
3017
3019
3021
3021
3029
3029
3032
3045
3049
3053
3059
3063
3069
3070
3071
3073
3077
3084
3107
3113
3122
3136
3138
3139
3144
3148
3149
3156
3166
3172
3173
3183
3188
3188
3200
3204
3208
3209
3216
3229
3238
3240
3255
3265
3269
3278
3279
3280
3282
3283
3299
3300
3307
3309
3309
3313
3314
3316
3322
3325
3326
3327
3335
3342
3344
3348
3355
3355
3359
3360
3360
3368
3375
3380
3387
3388
3392
3397
3407
3413
3418
3421
3423
3431
3431
3432
3444
3445
3445
3446
3455
3465
3468
3471
3482
3485
3489
3496
3499
3500
3513
3516
3519
3519
3526
3526
3527
3531
3535
3536
3537
3537
3544
3545
3546
3556
3559
3563
3566
3568
3569
3573
3576
3578
3581
3584
3591
3601
3606
3608
3608
3609
3613
3626
3630
3633
3634
3640
3651
3651
3659
3661
3664
3665
3665
3666
3669
3677
3687
3688
3689
3690
3692
3695
3695
3697
3707
3708
3710
3712
3713
3715
3716
3719
3723
3735
3746
3747
3753
3756
3758
3763
3763
3770
3772
3780
3784
3785
3787
3790
3794
3794
3796
3797
3800
3803
3804
3815
3819
3821
3833
3839
3840
3842
3845
3845
3846
3852
3857
3861
3862
3864
3869
3871
3873
3874
3878
3880
3884
3893
3902
3904
3904
3914
3925
3926
3931
3932
3937
3940
3942
3947
3965
3969
3973
3984
3987
3993
3999
4000
4001
4003
4003
4004
4006
4009
4009
4014
4017
4018
4029
4039
4044
4046
4051
4054
4069
4070
4077
4082
4083
4083
4089
4090
4097
4100
4103
4107
4109
4116
4122
4128
4128
4133
4137
4139
4145
4151
4159
4162
4163
4165
4167
4167
4170
4173
4174
4183
4189
4191
4196
4196
4204
4213
4214
4215
4217
4218
4225
4232
4237
4249
4249
4253
4257
4257
4258
4258
4264
4274
4280
4281
4283
4283
4287
4289
4291
4295
4296
4302
4303
4309
4311
4317
4317
4325
4326
4331
4335
4336
4337
4344
4366
4368
4377
4378
4379
4381
4382
4390
4398
4399
4402
4404
4405
4410
4424
4436
4445
4452
4461
4462
4465
4465
4466
4466
4469
4473
4474
4479
4480
4498
4507
4507
4515
4516
4518
4532
4533
4536
4540
4553
4554
4555
4558
4559
4561
4574
4578
4578
4586
4588
4589
4591
4608
4617
4619
4619
4619
4623
4635
4640
4651
4652
4654
4664
4666
4667
4672
4677
4678
4681
4681
4686
4686
4695
4697
4704
4705
4713
4714
4714
4720
4721
4725
4728
4729
4729
4730
4733
4734
4737
4745
4747
4750
4750
4756
4764
4765
4767
4770
4778
4790
4797
4798
4802
4809
4809
4813
4813
4831
4832
4841
4859
4865
4869
4870
4875
4877
4882
4895
4901
4905
4908
4919
4919
4921
4924
4925
4926
4926
4927
4937
4940
4942
4945
4946
4947
4948
4948
4963
4964
4980
4983
4987
4988
4991
4996
5001
5003
5005
5011
5031
5037
5038
5047
5053
5059
5063
5065
5067
5077
5079
5082
5091
5091
5096
5098
5099
5113
5115
5119
5121
5121
5122
5122
5122
5127
5139
5140
5142
5143
5144
5149
5149
5157
5161
5165
5168
5174
5180
5184
5187
5195
5196
5202
5204
5207
5211
5213
5216
5223
5224
5224
5230
5231
5238
5242
5243
5248
5253
5255
5257
5257
5261
5268
5268
5276
5280
5288
5289
5297
5316
5321
5327
5328
5339
5340
5340
5345
5355
5361
5371
5375
5376
5377
5389
5395
5398
5402
5404
5406
5406
5408
5409
5418
5421
5424
5425
5431
5432
5435
5441
5443
5451
5457
5458
5460
5465
5467
5483
5487
5489
5491
5493
5493
5497
5507
5508
5511
5511
5512
5513
5520
5520
5522
5526
5533
5534
5534
5540
5541
5541
5541
5541
5542
5545
5553
5554
5556
5556
5558
5566
5568
5570
5573
5588
5589
5590
5595
5602
5606
5607
5608
5613
5613
5614
5617
5621
5624
5628
5634
5640
5640
5641
5642
5645
5656
5658
5662
5667
5670
5676
5684
5690
5694
5700
5702
5703
5705
5706
5716
5716
5724
5726
5727
5729
5732
5736
5744
5749
5757
5766
5773
5783
5792
5793
5794
5794
5795
5804
5804
5806
5810
5812
5815
5819
5821
5822
5825
5826
5827
5830
5832
5834
5838
5844
5844
5845
5846
5858
5860
5863
5869
5878
5895
5905
5910
5911
5921
5935
5936
5942
5945
5947
5950
5952
5967
5968
5970
5973
5985
5987
5988
5992
5999
6001
6003
6014
6018
6021
6023
6034
6038
6039
6041
6054
6057
6063
6064
6067
6068
6069
6072
6072
6076
6087
6090
6090
6102
6107
6109
6116
6117
6124
6131
6139
6142
6143
6150
6152
6152
6155
6157
6157
6160
6162
6163
6173
6173
6173
6176
6180
6180
6181
6193
6198
6203
6204
6208
6225
6231
6231
6232
6235
6236
6240
6242
6243
6246
6246
6249
6249
6252
6257
6259
6276
6277
6279
6279
6280
6291
6293
6304
6304
6312
6314
6322
6322
6327
6329
6331
6332
6333
6340
6341
6345
6347
6355
6357
6358
6360
6364
6366
6372
6377
6381
6383
6383
6384
6384
6390
6390
6390
6396
6403
6408
6409
6411
6421
6422
6425
6426
6434
6435
6436
6437
6441
6447
6453
6454
6456
6461
6462
6463
6470
6472
6478
6481
6483
6483
6486
6490
6490
6491
6495
6498
6499
6502
6521
6522
6531
6531
6533
6533
6536
6539
6544
6546
6554
6562
6567
6571
6589
6591
6593
6596
6607
6609
6610
6615
6617
6618
6620
6622
6635
6646
6655
6659
6660
6661
6665
6668
6681
6685
6688
6690
6692
6693
6695
6699
6704
6705
6706
6706
6711
6712
6714
6721
6723
6725
6730
6733
6735
6737
6746
6753
6754
6755
6755
6757
6764
6784
6785
6787
6790
6792
6800
6806
6817
6820
6823
6824
6829
6834
6848
6850
6853
6856
6859
6866
6867
6868
6889
6893
6903
6904
6905
6906
6912
6915
6917
6918
6928
6932
6933
6935
6937
6948
6953
6959
6960
6963
6964
6971
6974
6976
6991
7007
7008
7009
7014
7017
7020
7022
7026
7027
7035
7036
7041
7044
7045
7045
7048
7048
7050
7056
7060
7064
7075
7077
7094
7095
7096
7096
7097
7097
7098
7119
7121
7123
7124
7131
7134
7134
7144
7147
7154
7160
7170
7173
7177
7177
7179
7192
7195
7201
7204
7204
7204
7209
7209
7210
7213
7221
7228
7230
7234
7234
7236
7247
7254
7256
7257
7267
7273
7279
7284
7287
7287
7290
7290
7290
7297
7300
7302
7306
7308
7308
7318
7318
7325
7326
7328
7329
7329
7331
7340
7341
7344
7355
7355
7359
7360
7367
7375
7376
7380
7384
7396
7399
7424
7429
7437
7444
7456
7457
7464
7467
7474
7481
7492
7503
7504
7505
7507
7511
7512
7518
7520
7526
7527
7528
7535
7539
7540
7541
7549
7557
7562
7564
7568
7569
7570
7570
7576
7578
7579
7585
7587
7592
7600
7604
7604
7607
7610
7617
7623
7625
7628
7630
7632
7644
7650
7651
7656
7656
7665
7671
7674
7678
7684
7685
7689
7692
7694
7694
7708
7709
7710
7736
7739
7741
7744
7744
7751
7762
7765
7768
7778
7778
7781
7782
7788
7793
7795
7799
7805
7808
7808
7812
7813
7814
7815
7821
7826
7833
7834
7842
7848
7851
7853
7860
7861
7862
7863
7866
7870
7877
7881
7884
7891
7896
7896
7899
7901
7904
7905
7908
7909
7912
7912
7914
7917
7925
7931
7941
7943
7944
7944
7946
7953
7955
7958
7960
7963
7963
7967
7969
7974
7977
7983
7988
7999
7999
8000
8001
8002
8003
8009
8020
8022
8031
8031
8040
8040
8041
8042
8047
8050
8050
8062
8066
8070
8077
8080
8084
8086
8089
8090
8093
8094
8098
8099
8109
8121
8123
8149
8150
8154
8160
8167
8172
8177
8178
8178
8178
