0
3
4
4
7
8
10
11
11
12
13
16
17
17
24
29
34
54
57
60
64
67
77
84
84
85
86
87
95
100
102
106
108
110
117
119
121
121
125
125
129
130
130
130
138
142
154
154
157
164
171
174
177
186
189
195
196
198
202
204
207
207
209
218
221
223
224
229
239
248
258
267
277
280
287
288
288
293
295
296
297
305
307
309
310
321
321
334
336
356
358
359
365
370
372
376
393
393
398
398
404
406
412
415
419
426
444
448
449
450
452
454
458
463
469
471
471
474
477
482
487
500
504
508
511
512
516
516
526
529
531
531
539
542
542
548
548
549
550
552
552
553
565
565
566
569
570
584
597
600
603
606
610
612
624
633
633
643
644
647
652
662
662
665
669
674
676
679
679
681
681
689
695
696
702
703
704
707
708
711
713
714
715
720
722
724
726
732
732
741
749
750
755
770
771
771
780
781
783
785
789
796
809
819
823
829
831
837
839
842
847
850
850
851
862
867
867
868
872
879
880
886
887
897
908
910
922
932
938
941
942
943
952
955
956
965
966
967
973
974
978
979
980
981
982
984
996
996
1003
1009
1010
1011
1012
1021
1025
1027
1031
1032
1035
1036
1048
1050
1050
1051
1058
1062
1067
1068
1069
1071
1076
1088
1090
1093
1095
1108
1111
1114
1121
1124
1130
1130
1131
1132
1137
1139
1142
1145
1148
1149
1151
1162
1162
1169
1174
1178
1193
1194
1197
1198
1201
1207
1211
1214
1216
1225
1229
1231
1239
1242
1253
1264
1267
1273
1276
1277
1282
1282
1293
1294
1297
1302
1303
1304
1304
1307
1309
1315
1320
1323
1330
1334
1334
1345
1348
1356
1360
1364
1375
1381
1382
1386
1390
1392
1400
1400
1400
1406
1409
1417
1428
1433
1436
1438
1439
1439
1441
1441
1458
1472
1475
1477
1482
1486
1495
1496
1499
1502
1510
1513
1515
1515
1515
1520
1522
1525
1526
1528
1529
1536
1541
1545
1545
1551
1554
1560
1564
1566
1572
1581
1587
1603
1604
1605
1612
1612
1614
1619
1621
1622
1622
1622
1622
1625
1627
1630
1632
1632
1641
1648
1648
1655
1656
1657
1672
1674
1677
1687
1687
1703
1707
1707
1709
1709
1711
1715
1721
1722
1727
1732
1734
1749
1753
1754
1755
1759
1762
1763
1765
1769
1779
1785
1797
1798
1798
1800
1805
1810
1811
1821
1822
1828
1828
1835
1839
1840
1841
1841
1843
1843
1847
1850
1850
1851
1854
1856
1857
1860
1862
1866
1870
1882
1886
1892
1895
1912
1928
1938
1940
1943
1944
1944
1948
1957
1959
1959
1962
1965
1965
1966
1969
1970
1972
1973
1990
1998
2004
2004
2006
2008
2009
2013
2016
2018
2019
2022
2023
2028
2031
2033
2035
2036
2044
2050
2053
2054
2059
2064
2071
2073
2075
2076
2077
2078
2081
2084
2084
2091
2094
2100
2103
2116
2117
2119
2127
2132
2135
2139
2140
2142
2144
2144
2147
2153
2155
2158
2172
2178
2179
2189
2196
2206
2209
2214
2240
2248
2252
2260
2272
2274
2282
2290
2303
2307
2313
2336
2341
2342
2344
2354
2357
2358
2359
2372
2373
2374
2379
2390
2397
2402
2407
2411
2422
2425
2426
2434
2439
2445
2447
2457
2457
2471
2478
2478
2486
2487
2488
2494
2503
2505
2506
2507
2511
2518
2522
2530
2546
2546
2547
2553
2556
2562
2563
2572
2574
2574
2576
2588
2590
2591
2592
2592
2594
2595
2598
2598
2609
2621
2623
2625
2627
2632
2634
2634
2640
2643
2651
2655
2656
2665
2688
2692
2695
2700
2701
2709
2712
2717
2721
2725
2727
2731
2737
2740
2750
2750
2751
2752
2759
2773
2777
2783
2804
2807
2816
2818
2819
2823
2840
2842
2849
2853
2855
2857
2858
2858
2859
2868
2875
2878
2882
2884
2897
2905
2907
2913
2916
2929
2933
2937
2941
2947
2949
2964
2972
2977
2981
2983
2985
2994
3009
3010
3017
3021
3025
3025
3032
3032
3034
3036
3036
3041
3058
3062
3063
3067
3075
3077
3081
3082
3091
3094
3105
3107
3114
3116
3116
3117
3121
3122
3123
3126
3129
3133
3137
3137
3139
3140
3142
3142
3150
3150
3151
3155
3155
3156
3171
3174
3176
3176
3177
3178
3185
3197
3198
3207
3208
3209
3218
3223
3223
3224
3231
3231
3231
3232
3235
3236
3241
3243
3247
3250
3255
3267
3272
3273
3286
3290
3291
3291
3291
3293
3295
3311
3318
3321
3325
3329
3331
3332
3334
3337
3340
3348
3350
3350
3350
3351
3351
3354
3356
3361
3362
3364
3366
3367
3368
3368
3369
3375
3379
3381
3385
3385
3398
3400
3410
3412
3421
3425
3428
3433
3439
3444
3448
3449
3451
3453
3454
3456
3457
3460
3464
3465
3477
3479
3482
3490
3498
3499
3510
3513
3517
3525
3526
3531
3531
3539
3540
3541
3542
3542
3556
3560
3562
3562
3573
3574
3575
3576
3576
3588
3589
3620
3630
3634
3636
3636
3637
3650
3653
3659
3661
3673
3676
3687
3688
3695
3697
3699
3703
3704
3705
3705
3708
3708
3708
3709
3713
3713
3715
3719
3721
3727
3728
3737
3742
3743
3744
3754
3755
3761
3763
3766
3773
3795
3796
3801
3802
3806
3824
3826
3835
3836
3840
3844
3845
3862
3862
3863
3863
3867
3867
3872
3872
3875
3875
3886
3887
3890
3893
3893
3895
3896
3900
3902
3905
3912
3915
3916
3916
3925
3928
3929
3933
3939
3939
3941
3944
3955
3956
3958
3963
3966
3966
3967
3968
3975
3988
3991
3995
3995
3995
4003
4009
4010
4012
4012
4016
4020
4027
4029
4029
4034
4035
4036
4040
4044
4056
4057
4060
4061
4062
4064
4065
4068
4075
4078
4083
4086
4088
4097
4101
4105
4108
4113
4113
4114
4115
4117
4130
4134
4135
4141
4142
4143
4150
4151
4152
4156
4157
4165
4169
4171
4171
4171
4171
4175
4179
4181
4185
4197
4200
4204
4211
4213
4214
4218
4227
4228
4229
4231
4232
4233
4235
4239
4239
4250
4263
4273
4280
4280
4281
4281
4285
4291
4292
4292
4296
4300
4310
4317
4319
4331
4346
4348
4349
4349
4353
4354
4355
4357
4358
4359
4360
4362
4363
4367
4367
4368
4371
4372
4372
4375
4375
4376
4378
4380
4383
4389
4394
4394
4404
4406
4415
4421
4429
4431
4437
4454
4455
4455
4460
4461
4464
4464
4467
4474
4482
4482
4485
4506
4506
4523
4527
4529
4529
4530
4533
4537
4539
4540
4541
4542
4545
4546
4547
4548
4550
4553
4571
4572
4579
4582
4587
4588
4593
4605
4613
4620
4623
4624
4624
4634
4635
4636
4641
4643
4645
4647
4659
4660
4662
4666
4667
4668
4671
4678
4686
4691
4695
4698
4701
4702
4702
4703
4705
4706
4710
4720
4735
4735
4740
4744
4747
4759
4762
4763
4767
4770
4777
4778
4784
4786
4796
4799
4809
4810
4811
4829
4832
4834
4837
4844
4851
4858
4858
4862
4870
4871
4879
4882
4882
4888
4889
4898
4904
4914
4917
4920
4922
4926
4931
4932
4943
4945
4945
4954
4954
4955
4960
4961
4961
4964
4970
4973
4979
4979
4986
4992
4996
4998
5003
5003
5003
5005
5006
5006
5008
5014
5021
5032
5037
5038
5038
5043
5048
5055
5058
5059
5061
5062
5067
5072
5089
5091
5100
5102
5105
5115
5121
5123
5127
5129
5131
5133
5141
5142
5146
5147
5152
5163
5171
5188
5192
5193
5193
5194
5194
5198
5200
5201
5209
5217
5219
5220
5222
5224
5230
5230
5233
5234
5235
5236
5238
5247
5254
5258
5261
5264
5266
5269
5272
5276
5281
5284
5285
5289
5289
5290
5297
5305
5309
5311
5315
5318
5320
5320
5323
5328
5329
5334
5343
5348
5349
5354
5354
5364
5364
5368
5372
5373
5373
5375
5379
5389
5401
5405
5411
5413
5415
5415
5419
5428
5434
5435
5438
5443
5452
5457
5457
5458
5459
5465
5485
5486
5489
5491
5496
5498
5503
5504
5506
5506
5508
5511
5511
5523
5525
5526
5526
5527
5528
5538
5538
5540
5545
5548
5550
5554
5555
5555
5556
5559
5561
5568
5572
5573
5574
5578
5580
5581
5592
5593
5595
5601
5604
5608
5608
5610
5617
5621
5621
5624
5627
5634
5640
5646
5647
5651
5652
5659
5663
5667
5673
5674
5687
5688
5698
5705
5707
5707
5719
5720
5721
5724
5724
5729
5733
5740
5745
5746
5749
5750
5750
5773
5773
5776
5777
5777
5784
5785
5786
5789
5796
5798
5799
5805
5809
5809
5814
5822
5828
5831
5838
5844
5849
5857
5861
5862
5862
5863
5863
5864
5876
5881
5882
5883
5891
5896
5900
5909
5917
5923
5924
5929
5933
5933
5935
5935
5937
5941
5948
5954
5957
5958
5973
5975
5976
5980
5982
5999
6000
6000
6001
6002
6004
6005
6011
6011
6019
6020
6024
6033
6034
6035
6039
6043
6043
6049
6051
6053
6056
6058
6071
6078
6082
6085
6090
6093
6094
6097
6108
6120
6123
6124
6124
6125
6129
6130
6134
6135
6144
6146
6154
6171
6172
6177
6200
6203
6203
6211
6212
6221
6221
6223
6238
6242
6244
6244
6245
6246
6261
6261
6264
6265
6269
6290
6292
6295
6298
6304
6304
6306
6307
6308
6308
6334
6338
6338
6340
6349
6349
6352
6354
6372
6377
6387
6389
6391
6395
6396
6400
6400
6403
6411
6412
6412
6415
6418
6427
6430
6430
6432
6432
6435
6440
6441
6445
6453
6454
6462
6463
6465
6466
6467
6497
6509
6510
6511
6518
6526
6548
6548
6551
6558
6566
6571
6580
6583
6590
6604
6613
6614
6616
6621
6624
6627
6627
6634
6638
6645
6659
6671
6674
6677
6678
6683
6686
6686
6690
6690
6692
6696
6701
6710
6715
6718
6722
6723
6729
6729
6732
6732
6744
6765
6768
6771
6775
6787
6791
6794
6801
6801
6806
6808
6825
6832
6847
6852
6854
6856
6865
6865
6868
6870
6881
6885
6887
6890
6900
6902
6903
6905
6909
6911
6912
6915
6922
6923
6931
6932
6932
6940
6952
6954
6954
6957
6962
6962
6965
6965
6967
6967
6969
6975
6981
6982
6983
6986
6988
6989
7000
7001
7009
7010
7019
7020
7027
7028
7030
7036
7036
7038
7044
7046
7047
7053
7055
7056
7057
7057
7067
7070
7075
7083
7088
7099
7099
7102
7106
7116
7116
7121
7124
7125
7126
7130
7135
7135
7139
7139
7143
7143
7149
7152
7155
7159
7165
7173
7185
7187
7188
7213
7216
7218
7227
7231
7232
7234
7238
7239
7240
7241
7245
7256
7262
7265
7277
7280
7286
7288
7297
7302
7307
7308
7324
7331
7342
7350
7354
7354
7361
7362
7363
7367
7367
7379
7382
7386
7388
7389
7393
7398
7399
7402
7403
7404
7412
7423
7426
7427
7429
7431
7433
7439
7439
7444
7453
7453
7457
7462
7463
7469
7479
7482
7486
7503
7511
7511
7515
7518
7518
7518
7525
7526
7528
7530
7532
7534
7537
7540
7544
7550
7558
7559
7571
7576
7580
7580
7582
7584
7585
7590
7593
7598
7602
7612
7614
7619
7626
7627
7630
7631
7634
7634
7636
7639
7644
7648
7649
7653
7666
7667
7681
7684
7687
7690
7690
7699
7700
7702
7703
7706
7706
7710
7710
7713
7722
7726
7730
7732
7733
7733
7734
7735
7740
7744
7757
7768
7773
7777
7780
7788
7790
7790
7791
7792
7793
7795
7795
7796
7797
7798
7800
7804
7805
7806
7808
7811
7819
7827
7833
7834
7841
7854
7855
7860
7861
7866
7866
7868
7877
7880
7886
7890
7895
7896
7898
7899
7903
7920
7923
7933
7946
7948
7955
7963
7970
7973
7974
7974
7976
7982
7983
7983
7985
7987
7988
7999
8005
8011
8014
8014
8015
8021
8032
8034
8036
8039
8049
8053
8055
8057
8059
8064
8064
8066
8067
8072
8074
8078
8086
8090
8093
8093
8093
8095
8097
8101
8105
8108
8111
8116
8117
8120
8138
8138
8142
8142
8149
8149
8150
8155
8167
8167
8174
8174
8176
8191
