2
2
4
12
15
20
22
28
37
40
45
47
48
53
54
55
59
66
68
72
73
73
74
78
82
86
89
97
98
101
112
112
117
119
122
123
134
141
143
148
149
154
171
172
175
176
180
189
193
195
196
196
201
202
204
207
213
220
225
238
247
247
252
253
268
269
271
271
275
275
278
278
279
293
304
309
311
313
313
314
319
331
331
332
340
352
358
361
371
372
379
390
392
393
395
399
406
414
415
420
427
430
431
449
449
459
465
470
472
474
478
479
481
484
484
485
485
485
486
488
494
496
504
504
506
511
512
516
526
527
537
538
544
544
545
547
550
555
560
565
566
566
568
569
569
577
584
584
585
591
595
599
608
611
612
627
628
632
633
634
643
659
660
661
663
673
674
675
679
689
693
701
707
720
723
728
734
738
740
741
751
756
757
760
762
765
768
774
783
786
789
792
794
802
804
809
809
820
826
827
836
837
838
843
853
860
866
869
871
879
879
881
886
886
887
889
890
891
895
901
910
918
927
931
945
946
954
960
962
964
968
968
969
979
984
984
987
988
1037
1039
1042
1042
1044
1046
1064
1069
1069
1073
1079
1085
1085
1089
1089
1091
1093
1094
1097
1100
1106
1109
1114
1118
1122
1122
1125
1126
1128
1132
1138
1142
1143
1146
1149
1151
1154
1165
1168
1168
1177
1181
1183
1186
1192
1193
1204
1217
1220
1223
1225
1228
1228
1232
1233
1233
1236
1237
1253
1253
1255
1259
1263
1264
1278
1279
1283
1284
1293
1302
1325
1327
1327
1328
1331
1338
1340
1341
1343
1344
1346
1355
1357
1358
1361
1365
1366
1370
1370
1372
1376
1382
1386
1389
1393
1401
1402
1406
1421
1423
1428
1431
1437
1440
1445
1447
1449
1454
1455
1456
1463
1480
1481
1490
1496
1498
1500
1506
1509
1512
1513
1514
1520
1527
1528
1529
1529
1533
1544
1549
1550
1553
1558
1559
1559
1570
1574
1583
1585
1585
1587
1589
1605
1606
1618
1622
1622
1628
1631
1632
1633
1634
1641
1644
1644
1663
1664
1667
1668
1673
1677
1678
1683
1683
1694
1695
1707
1719
1722
1725
1728
1729
1730
1733
1742
1745
1748
1759
1760
1764
1764
1769
1770
1772
1776
1778
1784
1789
1792
1795
1796
1798
1813
1813
1816
1817
1819
1832
1840
1840
1841
1841
1842
1850
1851
1851
1854
1859
1859
1864
1868
1873
1884
1886
1891
1894
1896
1897
1897
1899
1904
1907
1913
1920
1926
1931
1940
1942
1943
1944
1949
1956
1957
1958
1961
1980
1981
1985
1996
1996
1998
1999
2001
2003
2007
2009
2010
2012
2012
2016
2019
2019
2021
2027
2030
2032
2034
2041
2042
2043
2048
2049
2051
2061
2062
2069
2080
2087
2090
2091
2096
2097
2100
2104
2106
2120
2128
2137
2150
2152
2154
2155
2156
2163
2167
2173
2186
2186
2189
2192
2193
2194
2195
2201
2201
2201
2208
2212
2214
2214
2220
2223
2227
2229
2229
2235
2240
2242
2244
2253
2260
2264
2266
2273
2280
2283
2285
2288
2293
2300
2302
2302
2302
2305
2306
2312
2317
2317
2321
2325
2328
2337
2337
2342
2348
2355
2361
2364
2364
2366
2368
2368
2370
2371
2382
2387
2390
2400
2402
2405
2408
2426
2431
2432
2435
2442
2442
2449
2461
2463
2464
2468
2469
2476
2479
2482
2489
2498
2500
2506
2513
2515
2516
2517
2524
2524
2533
2535
2536
2538
2546
2546
2547
2556
2561
2566
2572
2575
2585
2590
2592
2594
2595
2597
2601
2602
2615
2620
2623
2625
2627
2628
2632
2633
2639
2645
2647
2650
2651
2662
2664
2665
2666
2669
2676
2677
2691
2695
2700
2706
2713
2715
2716
2718
2728
2730
2731
2731
2733
2739
2742
2747
2750
2753
2755
2757
2767
2773
2773
2782
2784
2786
2788
2790
2793
2795
2797
2802
2806
2809
2810
2815
2819
2825
2825
2830
2832
2850
2850
2856
2860
2860
2861
2864
2864
2868
2869
2879
2888
2896
2897
2905
2908
2923
2928
2932
2936
2942
2943
2944
2944
2945
2947
2954
2966
2971
2971
2976
2987
2987
2993
2995
3000
3004
3006
3008
3010
3013
3022
3022
3025
3032
3039
3040
3045
3052
3058
3062
3066
3069
3069
3073
3078
3081
3093
3097
3098
3101
3102
3104
3105
3109
3115
3118
3122
3128
3132
3135
3142
3146
3151
3155
3156
3164
3168
3183
3185
3189
3189
3197
3215
3220
3223
3231
3239
3240
3241
3242
3242
3249
3253
3253
3254
3256
3261
3264
3264
3269
3270
3271
3272
3273
3274
3274
3288
3295
3296
3300
3307
3308
3309
3316
3317
3321
3328
3332
3334
3359
3369
3378
3380
3383
3392
3395
3404
3406
3412
3419
3420
3427
3430
3432
3436
3443
3446
3446
3448
3468
3476
3479
3480
3486
3490
3491
3492
3493
3495
3499
3510
3511
3513
3515
3519
3522
3523
3529
3529
3541
3544
3561
3565
3569
3573
3574
3582
3583
3593
3596
3601
3602
3617
3623
3623
3625
3633
3636
3652
3666
3670
3684
3688
3689
3689
3695
3697
3716
3717
3720
3722
3728
3732
3732
3736
3736
3737
3751
3753
3754
3754
3757
3758
3758
3759
3762
3765
3771
3774
3775
3779
3782
3784
3785
3786
3790
3795
3797
3799
3806
3808
3808
3809
3812
3821
3822
3823
3824
3825
3826
3830
3831
3837
3839
3840
3842
3845
3873
3877
3879
3880
3882
3883
3883
3887
3891
3906
3914
3916
3920
3920
3923
3924
3929
3932
3937
3938
3941
3946
3946
3948
3950
3951
3959
3960
3960
3960
3966
3973
3974
3975
3975
3980
3984
3991
3991
3995
3997
3998
3999
4000
4003
4014
4016
4022
4029
4033
4033
4035
4036
4038
4039
4044
4045
4046
4049
4057
4062
4067
4067
4070
4075
4076
4076
4083
4095
4099
4114
4115
4129
4129
4133
4137
4139
4139
4139
4139
4146
4150
4167
4175
4183
4195
4195
4197
4198
4200
4207
4208
4209
4210
4230
4231
4243
4246
4250
4253
4260
4264
4265
4270
4272
4273
4273
4274
4277
4279
4280
4283
4286
4286
4287
4294
4299
4300
4302
4304
4307
4310
4310
4317
4318
4318
4331
4336
4341
4341
4343
4346
4346
4348
4350
4361
4362
4377
4378
4382
4389
4389
4391
4395
4395
4409
4410
4416
4417
4420
4421
4448
4456
4458
4461
4462
4464
4470
4485
4494
4496
4502
4504
4509
4510
4513
4513
4516
4517
4518
4519
4525
4544
4545
4545
4547
4551
4555
4556
4557
4557
4558
4560
4561
4567
4570
4587
4588
4588
4600
4603
4605
4608
4608
4610
4611
4612
4615
4617
4619
4625
4626
4628
4629
4630
4639
4639
4643
4644
4650
4651
4652
4654
4660
4663
4668
4672
4674
4674
4677
4678
4687
4698
4705
4707
4710
4710
4714
4718
4722
4731
4733
4738
4744
4747
4749
4750
4752
4755
4760
4764
4768
4772
4775
4777
4785
4792
4795
4796
4796
4796
4798
4800
4803
4803
4805
4806
4807
4814
4816
4817
4822
4824
4825
4827
4830
4842
4842
4853
4853
4854
4855
4861
4870
4871
4877
4880
4889
4891
4899
4899
4910
4910
4918
4929
4931
4932
4937
4938
4942
4946
4951
4953
4956
4963
4967
4969
4981
4984
4984
4984
4985
4986
4987
4987
4989
4995
5000
5003
5005
5007
5008
5008
5009
5014
5018
5020
5022
5028
5031
5038
5045
5046
5053
5056
5061
5064
5071
5071
5077
5078
5089
5092
5096
5099
5105
5106
5112
5113
5116
5125
5127
5127
5127
5142
5156
5157
5159
5161
5167
5169
5169
5176
5187
5190
5190
5205
5206
5210
5217
5222
5224
5227
5236
5239
5252
5254
5265
5267
5282
5285
5292
5292
5293
5294
5299
5302
5304
5304
5305
5309
5321
5326
5333
5337
5339
5342
5344
5345
5351
5363
5363
5376
5377
5388
5389
5389
5391
5393
5401
5403
5407
5408
5408
5418
5423
5429
5431
5431
5431
5438
5444
5445
5451
5462
5466
5468
5472
5475
5475
5487
5489
5495
5506
5511
5517
5528
5529
5531
5535
5537
5540
5542
5548
5553
5554
5555
5556
5558
5559
5591
5593
5593
5595
5596
5598
5600
5601
5606
5608
5609
5610
5610
5613
5617
5626
5629
5634
5639
5650
5653
5654
5659
5660
5660
5664
5666
5669
5671
5686
5690
5695
5697
5701
5704
5711
5712
5721
5723
5728
5743
5743
5746
5761
5762
5763
5763
5772
5773
5774
5778
5779
5790
5800
5801
5802
5802
5810
5813
5822
5823
5829
5831
5841
5851
5851
5861
5875
5878
5879
5889
5889
5892
5892
5892
5894
5894
5904
5913
5914
5917
5918
5919
5922
5924
5931
5933
5947
5948
5950
5951
5951
5953
5956
5961
5962
5964
5976
5981
5982
5989
5990
5990
5990
5994
5996
5999
6002
6005
6014
6019
6021
6023
6028
6029
6032
6033
6033
6034
6037
6038
6047
6048
6048
6051
6051
6057
6067
6068
6071
6077
6078
6079
6087
6088
6089
6093
6103
6103
6108
6113
6122
6125
6128
6134
6162
6167
6168
6168
6175
6182
6183
6193
6197
6205
6207
6210
6213
6230
6231
6232
6244
6248
6252
6257
6267
6276
6277
6279
6279
6281
6283
6288
6294
6296
6297
6303
6309
6318
6319
6325
6329
6329
6332
6336
6336
6346
6347
6351
6354
6354
6355
6362
6385
6387
6392
6395
6404
6411
6426
6430
6437
6438
6438
6445
6447
6450
6453
6456
6460
6466
6478
6480
6481
6481
6484
6488
6500
6508
6510
6515
6518
6533
6534
6535
6541
6546
6547
6547
6549
6553
6557
6560
6570
6571
6573
6576
6585
6587
6591
6591
6595
6599
6600
6602
6602
6609
6610
6610
6617
6622
6627
6628
6628
6631
6637
6641
6644
6653
6663
6668
6669
6670
6670
6671
6676
6690
6694
6701
6701
6706
6709
6719
6722
6738
6738
6741
6743
6745
6755
6756
6758
6760
6760
6760
6767
6769
6771
6777
6778
6785
6786
6789
6791
6793
6797
6797
6797
6802
6806
6814
6815
6819
6822
6823
6824
6826
6828
6832
6832
6837
6840
6842
6847
6847
6856
6856
6857
6859
6860
6861
6862
6873
6876
6880
6889
6892
6894
6896
6903
6904
6906
6909
6911
6927
6928
6931
6932
6933
6934
6943
6947
6947
6949
6949
6956
6957
6960
6967
6969
6969
6970
6972
6987
6990
6992
6993
6993
6998
6999
6999
7007
7009
7010
7015
7017
7031
7031
7036
7038
7040
7043
7052
7054
7064
7071
7089
7090
7096
7096
7096
7098
7099
7109
7115
7119
7121
7123
7129
7130
7131
7133
7150
7153
7160
7170
7170
7178
7186
7192
7199
7207
7212
7212
7218
7227
7234
7242
7248
7249
7250
7266
7269
7272
7275
7279
7281
7289
7293
7295
7305
7312
7319
7328
7332
7336
7341
7344
7345
7346
7352
7358
7359
7360
7367
7369
7380
7384
7384
7395
7399
7400
7407
7412
7412
7416
7417
7419
7425
7430
7435
7441
7444
7447
7449
7450
7455
7473
7474
7478
7487
7489
7491
7492
7494
7495
7495
7507
7512
7512
7523
7526
7534
7542
7548
7549
7557
7558
7560
7562
7568
7571
7572
7580
7581
7581
7582
7582
7607
7611
7612
7614
7622
7636
7642
7647
7655
7657
7661
7675
7676
7678
7678
7683
7684
7685
7687
7689
7692
7696
7716
7734
7737
7738
7739
7742
7745
7745
7757
7760
7764
7772
7786
7786
7792
7797
7801
7809
7811
7814
7832
7833
7839
7840
7842
7848
7852
7856
7866
7871
7875
7884
7885
7887
7893
7895
7896
7899
7901
7907
7911
7914
7918
7918
7918
7923
7928
7930
7931
7933
7934
7935
7935
7936
7938
7947
7953
7954
7961
7963
7966
7972
7972
7981
7982
7986
7988
7989
7989
7990
7994
7997
8005
8009
8009
8010
8012
8012
8016
8021
8028
8030
8038
8044
8046
8052
8053
8055
8058
8058
8061
8061
8074
8076
8082
8089
8093
8099
8099
8113
8120
8133
8141
8143
8143
8144
8152
8156
8157
8160
8163
8174
8180
8181
8183
8186
8191
