1
10
15
24
26
26
36
57
59
65
68
71
73
79
79
94
101
103
111
115
120
130
131
136
152
164
164
168
170
179
185
189
193
202
206
210
213
217
219
230
230
233
243
245
250
251
251
253
260
261
263
267
272
273
279
284
296
296
298
307
313
319
331
332
332
341
345
346
346
347
359
359
364
364
366
366
368
372
376
381
383
384
385
392
401
404
404
419
422
429
430
430
432
432
433
434
435
438
441
445
448
448
448
451
451
459
471
473
474
482
485
486
487
492
493
493
495
500
503
510
510
512
513
514
520
522
527
530
532
532
536
538
538
544
545
548
551
555
555
562
563
564
568
569
574
577
580
581
582
585
593
593
600
610
618
619
624
637
643
647
649
650
650
653
656
661
662
662
676
684
689
700
705
710
714
718
730
734
737
738
748
748
753
755
757
759
759
761
768
775
779
780
786
788
794
800
803
805
807
811
814
815
815
819
820
821
828
830
830
847
849
850
857
870
880
884
886
887
888
893
895
897
901
915
922
923
927
934
935
939
940
946
946
949
967
968
969
972
973
974
982
985
994
995
1002
1003
1004
1012
1012
1014
1016
1017
1020
1021
1022
1024
1025
1028
1028
1029
1032
1033
1035
1035
1038
1039
1041
1045
1053
1055
1058
1061
1067
1067
1069
1072
1078
1080
1081
1082
1086
1089
1092
1093
1095
1096
1096
1097
1099
1104
1107
1108
1109
1115
1117
1117
1121
1123
1125
1126
1130
1135
1138
1144
1147
1148
1151
1156
1163
1164
1166
1167
1172
1174
1186
1186
1188
1192
1199
1200
1207
1214
1215
1216
1222
1226
1229
1234
1235
1237
1240
1241
1242
1246
1249
1254
1254
1255
1256
1256
1258
1261
1263
1264
1270
1270
1271
1275
1275
1278
1279
1282
1288
1289
1298
1299
1300
1308
1313
1314
1318
1337
1345
1351
1353
1363
1363
1365
1376
1377
1379
1380
1380
1392
1392
1392
1397
1400
1402
1403
1411
1412
1415
1416
1419
1421
1422
1427
1444
1447
1447
1452
1453
1454
1466
1468
1470
1471
1471
1473
1487
1489
1498
1500
1501
1520
1521
1529
1534
1539
1540
1541
1541
1545
1550
1556
1559
1561
1562
1567
1569
1570
1591
1602
1607
1607
1608
1609
1613
1619
1632
1633
1635
1642
1649
1656
1660
1661
1662
1662
1671
1675
1686
1688
1693
1701
1705
1728
1733
1741
1741
1744
1752
1753
1762
1763
1768
1774
1778
1781
1789
1795
1803
1810
1818
1819
1822
1851
1861
1873
1874
1874
1878
1878
1887
1890
1891
1895
1895
1899
1903
1908
1911
1917
1923
1937
1944
1945
1957
1961
1965
1969
1970
1974
1981
1985
1986
2009
2017
2021
2022
2025
2026
2026
2035
2041
2044
2048
2051
2053
2058
2058
2060
2060
2065
2071
2081
2087
2090
2091
2092
2098
2103
2106
2111
2112
2113
2122
2126
2131
2132
2135
2142
2147
2148
2169
2171
2180
2181
2186
2187
2191
2191
2193
2197
2198
2200
2202
2208
2210
2214
2215
2215
2219
2234
2238
2241
2242
2243
2246
2262
2263
2265
2267
2268
2271
2272
2273
2274
2275
2278
2284
2285
2285
2286
2294
2296
2303
2307
2312
2324
2328
2329
2333
2341
2346
2351
2359
2361
2365
2368
2369
2375
2389
2390
2394
2398
2400
2401
2404
2407
2426
2427
2440
2440
2441
2441
2443
2453
2457
2458
2462
2468
2477
2482
2482
2486
2488
2490
2500
2508
2514
2515
2520
2521
2529
2533
2534
2534
2541
2541
2541
2542
2555
2560
2563
2563
2565
2569
2574
2586
2586
2586
2587
2588
2595
2596
2602
2606
2609
2620
2622
2627
2634
2635
2638
2643
2643
2643
2643
2647
2649
2655
2666
2668
2669
2670
2675
2676
2680
2695
2702
2711
2720
2721
2725
2727
2731
2731
2733
2734
2734
2734
2734
2738
2739
2739
2743
2744
2745
2747
2748
2749
2763
2764
2764
2767
2767
2784
2784
2785
2785
2794
2813
2820
2827
2829
2830
2831
2832
2836
2836
2841
2844
2845
2847
2847
2850
2855
2855
2862
2863
2880
2880
2882
2885
2886
2888
2891
2899
2900
2900
2901
2904
2907
2917
2920
2922
2923
2934
2935
2936
2937
2939
2945
2952
2957
2957
2960
2965
2974
2981
2987
2988
2990
3002
3013
3014
3015
3021
3023
3026
3036
3040
3040
3050
3052
3055
3059
3059
3060
3062
3063
3065
3067
3067
3069
3069
3071
3072
3075
3081
3090
3091
3091
3095
3097
3101
3102
3108
3110
3112
3115
3117
3119
3159
3165
3165
3170
3174
3182
3187
3188
3189
3190
3190
3200
3201
3202
3204
3209
3216
3221
3225
3226
3227
3228
3232
3236
3238
3245
3247
3251
3257
3258
3259
3260
3260
3272
3277
3277
3280
3281
3282
3286
3295
3302
3302
3318
3321
3322
3324
3336
3350
3355
3359
3364
3367
3370
3375
3385
3392
3394
3405
3415
3416
3419
3420
3426
3427
3428
3429
3434
3440
3443
3449
3449
3458
3459
3462
3475
3481
3484
3484
3487
3488
3489
3491
3498
3498
3500
3515
3519
3520
3522
3524
3535
3536
3540
3547
3548
3550
3551
3552
3561
3564
3565
3566
3570
3577
3580
3586
3593
3596
3600
3600
3608
3609
3621
3624
3626
3628
3629
3633
3634
3634
3652
3653
3654
3672
3692
3693
3694
3697
3702
3703
3710
3725
3734
3739
3741
3745
3747
3756
3762
3774
3775
3783
3791
3792
3796
3800
3804
3816
3819
3820
3822
3846
3849
3853
3863
3864
3868
3869
3871
3873
3874
3875
3883
3885
3892
3893
3895
3897
3898
3904
3905
3906
3906
3918
3932
3937
3940
3941
3952
3966
3966
3969
3971
3981
3982
3983
3989
3991
3993
3993
4001
4004
4016
4018
4018
4019
4021
4024
4027
4038
4041
4044
4044
4044
4045
4053
4056
4056
4066
4068
4076
4079
4079
4082
4082
4083
4090
4091
4092
4095
4097
4098
4099
4106
4117
4119
4119
4120
4124
4135
4141
4147
4148
4152
4152
4158
4174
4183
4188
4188
4188
4190
4194
4194
4197
4203
4203
4218
4222
4227
4228
4231
4233
4243
4264
4265
4267
4269
4270
4270
4277
4278
4278
4280
4286
4288
4295
4296
4305
4320
4322
4322
4334
4340
4350
4375
4378
4380
4381
4382
4403
4406
4414
4414
4416
4425
4427
4430
4438
4439
4440
4443
4446
4451
4453
4455
4455
4469
4475
4480
4482
4485
4488
4494
4497
4501
4513
4514
4516
4516
4517
4519
4520
4525
4528
4532
4533
4536
4538
4538
4543
4544
4551
4555
4556
4560
4561
4561
4566
4568
4584
4585
4586
4586
4587
4587
4589
4595
4599
4601
4602
4606
4608
4609
4611
4617
4618
4619
4625
4626
4635
4651
4657
4657
4660
4662
4671
4684
4684
4686
4687
4688
4699
4701
4702
4703
4708
4715
4715
4717
4721
4721
4729
4734
4737
4753
4757
4759
4760
4764
4767
4769
4769
4769
4773
4785
4785
4786
4787
4792
4793
4797
4799
4803
4806
4812
4813
4814
4816
4817
4824
4828
4830
4840
4844
4848
4851
4857
4858
4863
4865
4867
4868
4868
4871
4880
4884
4885
4885
4892
4892
4898
4898
4900
4901
4902
4903
4906
4907
4907
4910
4910
4917
4925
4926
4934
4935
4945
4948
4950
4955
4956
4961
4963
4964
4973
4989
4990
4994
5005
5007
5021
5030
5036
5041
5044
5056
5057
5059
5064
5071
5072
5079
5089
5090
5093
5094
5095
5097
5102
5107
5109
5116
5128
5136
5137
5137
5147
5148
5150
5153
5158
5159
5165
5167
5170
5173
5176
5178
5180
5182
5186
5195
5200
5203
5208
5210
5211
5219
5228
5233
5240
5253
5254
5255
5261
5262
5265
5269
5276
5283
5288
5290
5291
5299
5299
5304
5309
5313
5313
5315
5316
5316
5318
5320
5323
5336
5344
5345
5352
5355
5362
5375
5375
5378
5379
5385
5396
5401
5401
5406
5408
5412
5418
5421
5423
5430
5439
5441
5445
5451
5457
5459
5461
5462
5464
5467
5472
5474
5482
5493
5494
5498
5500
5502
5503
5504
5509
5519
5524
5531
5533
5535
5535
5542
5543
5549
5555
5556
5559
5568
5571
5580
5582
5592
5593
5600
5601
5601
5605
5607
5618
5630
5632
5639
5641
5655
5661
5668
5668
5675
5677
5679
5679
5688
5696
5696
5698
5700
5700
5709
5717
5719
5722
5722
5722
5732
5734
5735
5739
5744
5745
5747
5750
5755
5759
5766
5769
5774
5778
5792
5801
5810
5811
5814
5816
5822
5827
5838
5842
5844
5851
5856
5865
5866
5871
5878
5888
5896
5899
5902
5905
5906
5906
5916
5917
5931
5935
5937
5945
5945
5948
5953
5953
5956
5961
5962
5965
5969
5969
5970
5974
5979
5979
5982
5994
5997
5998
6006
6007
6028
6029
6032
6035
6039
6042
6044
6053
6060
6064
6066
6069
6075
6085
6099
6100
6100
6120
6120
6125
6125
6129
6137
6139
6140
6146
6146
6147
6150
6150
6150
6159
6160
6164
6166
6177
6180
6186
6186
6198
6201
6210
6215
6218
6224
6232
6246
6247
6251
6254
6258
6264
6264
6268
6272
6272
6272
6278
6279
6280
6282
6294
6303
6310
6312
6314
6328
6335
6343
6346
6346
6347
6362
6366
6368
6377
6387
6389
6392
6393
6395
6398
6400
6406
6407
6409
6413
6415
6418
6420
6424
6425
6426
6427
6432
6435
6443
6445
6448
6449
6452
6455
6458
6458
6464
6465
6473
6480
6482
6483
6483
6488
6495
6495
6495
6499
6501
6501
6508
6515
6518
6519
6522
6522
6522
6523
6528
6529
6532
6547
6552
6554
6555
6556
6563
6566
6568
6570
6573
6582
6583
6592
6594
6599
6610
6610
6611
6619
6622
6622
6623
6624
6631
6638
6652
6653
6656
6661
6665
6668
6669
6671
6676
6676
6676
6683
6688
6688
6691
6691
6691
6698
6700
6703
6703
6704
6705
6709
6725
6725
6734
6735
6741
6745
6745
6755
6756
6758
6758
6759
6760
6770
6771
6773
6775
6783
6784
6784
6789
6791
6797
6806
6809
6813
6822
6836
6838
6845
6846
6847
6848
6849
6853
6857
6858
6859
6880
6883
6893
6905
6906
6907
6911
6914
6918
6919
6930
6930
6931
6935
6936
6950
6958
6958
6966
6968
6976
6983
6995
6997
6999
7007
7013
7020
7027
7028
7030
7031
7036
7037
7057
7060
7061
7069
7071
7071
7073
7075
7076
7076
7081
7083
7091
7095
7097
7099
7099
7106
7114
7115
7116
7117
7117
7122
7123
7126
7132
7136
7143
7148
7155
7157
7165
7166
7168
7169
7173
7173
7177
7186
7188
7190
7191
7191
7197
7198
7207
7213
7219
7223
7227
7231
7232
7251
7253
7255
7259
7264
7276
7280
7284
7287
7291
7294
7297
7300
7302
7302
7302
7311
7312
7313
7320
7327
7334
7334
7335
7337
7367
7372
7372
7378
7385
7389
7391
7393
7395
7396
7398
7398
7398
7399
7410
7415
7420
7426
7427
7427
7428
7432
7435
7437
7446
7446
7448
7454
7456
7465
7474
7476
7478
7479
7482
7505
7506
7512
7514
7514
7524
7533
7536
7541
7543
7544
7544
7551
7559
7559
7562
7566
7594
7598
7604
7609
7614
7621
7625
7626
7631
7632
7633
7634
7636
7636
7647
7653
7654
7659
7662
7663
7666
7668
7677
7684
7698
7700
7700
7700
7701
7702
7703
7709
7710
7711
7721
7722
7730
7737
7739
7741
7742
7743
7745
7749
7750
7757
7758
7760
7769
7769
7772
7774
7774
7785
7789
7799
7800
7801
7805
7806
7818
7828
7830
7847
7849
7854
7855
7855
7855
7856
7864
7866
7867
7870
7874
7875
7880
7888
7891
7893
7894
7896
7898
7901
7901
7908
7914
7929
7930
7944
7950
7952
7954
7958
7961
7961
7968
7971
7983
7988
7997
8001
8002
8003
8005
8023
8033
8039
8046
8050
8054
8066
8077
8082
8093
8095
8100
8102
8104
8120
8126
8129
8133
8134
8136
8139
8141
8145
8146
8146
8146
8151
8154
8156
8157
8157
8162
8166
8169
8173
8174
8176
8183
8188
