50
98
101
193
208
249
261
263
287
303
327
361
420
508
516
621
655
661
662
680
694
701
729
793
918
940
1003
1044
1078
1086
1169
1207
1207
1265
1267
1290
1330
1347
1409
1427
1479
1490
1510
1520
1537
1594
1601
1677
1719
1795
1895
1903
1953
1963
1963
1968
1994
2021
2046
2121
2121
2123
2428
2433
2535
2579
2734
2753
2771
2924
2948
2959
3108
3111
3129
3144
3154
3158
3168
3181
3209
3252
3273
3323
3331
3399
3450
3471
3531
3550
3573
3612
3652
3685
3696
3819
3839
3988
4000
4002
4014
4038
4043
4080
4119
4141
4149
4169
4185
4199
4260
4277
4286
4368
4495
4527
4538
4541
4613
4839
4858
4866
4876
5048
5118
5212
5290
5309
5315
5329
5368
5378
5419
5458
5468
5484
5518
5535
5589
5626
5646
5706
5737
5748
5787
5795
5821
5859
5865
5901
5956
6016
6055
6097
6127
6141
6219
6221
6297
6312
6457
6482
6495
6496
6501
6568
6647
6663
6693
6713
6805
6820
6835
6925
6954
6967
7017
7036
7043
7072
7118
7199
7265
7285
7513
7548
7772
7809
7822
7849
7851
7897
7970
7980
7994
8007
8025
8031
8075
8085
