20
28
39
241
359
360
434
538
556
558
578
654
663
668
679
725
779
796
799
825
864
869
871
886
932
949
973
982
1060
1060
1142
1183
1270
1292
1345
1346
1365
1371
1375
1390
1402
1424
1470
1493
1511
1517
1543
1559
1617
1634
1652
1656
1660
1788
1842
1878
1950
1978
2012
2051
2063
2070
2095
2156
2211
2218
2228
2245
2274
2281
2294
2430
2492
2579
2628
2629
2639
2643
2742
2909
2917
3000
3112
3113
3118
3213
3236
3294
3345
3393
3410
3448
3454
3536
3565
3603
3716
3724
3811
3824
3833
3863
3917
3949
3995
4046
4065
4069
4088
4113
4154
4166
4169
4202
4212
4281
4441
4541
4547
4551
4613
4664
4681
4737
4756
4758
4798
4798
4857
4922
4951
4983
5025
5081
5147
5260
5418
5446
5451
5535
5665
5679
5692
5709
5724
5791
5864
5906
5910
5935
5975
6054
6084
6121
6259
6325
6362
6381
6409
6474
6478
6510
6624
6652
6662
6674
6860
6925
6961
6963
7034
7060
7073
7137
7182
7239
7323
7348
7357
7370
7447
7549
7565
7570
7593
7627
7656
7672
7714
7775
7840
7949
7970
7974
8002
8011
8011
8034
8053
8082
