0
11
11
12
15
16
21
25
28
29
35
38
43
45
49
49
55
57
61
64
65
69
76
77
79
82
94
94
95
99
101
103
107
111
111
116
120
125
128
130
134
138
140
145
147
148
164
167
168
184
185
186
188
192
197
198
198
199
199
204
206
206
209
213
215
227
235
238
242
243
244
252
262
263
281
292
292
293
294
294
295
297
299
301
302
310
316
317
318
319
324
325
328
343
344
345
349
357
357
359
363
372
373
374
383
385
386
390
390
391
393
394
394
401
412
419
424
425
428
429
437
439
439
440
465
473
474
482
482
484
494
494
503
506
509
510
511
512
512
513
513
515
517
529
530
531
531
539
554
557
558
559
560
568
569
572
577
578
591
596
596
606
607
608
616
618
624
626
628
637
638
645
645
649
652
658
659
661
662
663
666
666
669
688
690
693
695
699
706
707
709
715
715
716
718
722
722
723
729
739
742
742
744
753
758
763
769
771
772
773
780
788
793
797
801
803
806
809
810
818
819
821
836
837
838
841
847
847
848
850
850
856
858
866
868
872
880
881
885
893
895
895
896
896
898
906
909
917
918
919
919
927
934
934
937
938
947
956
958
975
995
1001
1011
1019
1020
1024
1025
1026
1027
1028
1029
1034
1034
1034
1050
1058
1073
1076
1077
1078
1081
1084
1086
1087
1094
1102
1103
1105
1108
1110
1111
1114
1133
1133
1134
1143
1144
1148
1156
1157
1158
1161
1162
1171
1172
1174
1177
1183
1188
1193
1193
1203
1206
1207
1211
1211
1212
1216
1219
1219
1223
1226
1230
1233
1235
1242
1243
1251
1255
1256
1259
1262
1270
1273
1274
1279
1281
1284
1297
1302
1302
1306
1314
1322
1325
1331
1335
1343
1345
1347
1348
1355
1358
1368
1374
1381
1387
1388
1393
1399
1400
1401
1406
1406
1414
1415
1417
1417
1418
1436
1437
1440
1445
1456
1460
1461
1461
1462
1472
1475
1483
1493
1503
1508
1512
1517
1523
1525
1525
1525
1527
1527
1529
1537
1538
1541
1542
1543
1544
1551
1553
1554
1556
1557
1571
1581
1589
1589
1590
1592
1593
1597
1598
1601
1602
1602
1606
1617
1621
1628
1630
1635
1639
1652
1652
1654
1655
1664
1674
1678
1679
1680
1689
1692
1693
1699
1704
1704
1709
1712
1712
1725
1730
1733
1733
1743
1743
1748
1752
1752
1765
1777
1777
1783
1789
1795
1795
1801
1817
1820
1824
1824
1825
1830
1832
1838
1858
1861
1863
1864
1871
1878
1879
1880
1883
1891
1893
1896
1899
1903
1912
1917
1920
1926
1927
1928
1932
1934
1934
1935
1941
1941
1945
1955
1964
1974
1981
1984
1987
1993
1993
1994
2008
2008
2011
2019
2020
2028
2029
2029
2036
2039
2041
2053
2062
2071
2073
2076
2081
2081
2084
2086
2086
2088
2096
2098
2099
2100
2106
2107
2108
2109
2110
2111
2120
2123
2125
2127
2129
2130
2135
2139
2151
2152
2156
2167
2171
2172
2174
2183
2185
2196
2201
2202
2203
2204
2209
2210
2212
2221
2223
2224
2234
2236
2238
2241
2241
2244
2246
2246
2249
2257
2263
2265
2267
2270
2274
2274
2274
2276
2276
2281
2284
2288
2289
2300
2314
2314
2314
2318
2319
2323
2331
2334
2347
2358
2359
2359
2361
2365
2369
2373
2373
2374
2376
2388
2388
2389
2400
2405
2409
2413
2417
2418
2419
2424
2430
2433
2439
2444
2446
2452
2455
2478
2479
2485
2489
2494
2495
2500
2500
2502
2503
2505
2506
2506
2512
2512
2514
2521
2525
2526
2527
2530
2534
2538
2541
2543
2543
2545
2554
2560
2566
2572
2573
2578
2595
2601
2601
2601
2610
2612
2612
2614
2617
2618
2622
2623
2624
2630
2633
2636
2638
2641
2651
2652
2656
2656
2676
2679
2680
2682
2684
2686
2687
2689
2692
2717
2718
2719
2720
2726
2730
2730
2736
2738
2749
2749
2759
2770
2776
2777
2777
2781
2787
2788
2797
2797
2807
2813
2818
2819
2819
2819
2824
2828
2828
2831
2832
2837
2844
2846
2849
2850
2851
2859
2863
2864
2865
2875
2878
2886
2886
2890
2891
2894
2898
2899
2910
2913
2915
2915
2918
2924
2925
2933
2935
2957
2958
2966
2969
2970
2976
2978
2987
2994
2998
3005
3010
3011
3014
3020
3021
3027
3032
3032
3033
3033
3035
3037
3041
3042
3042
3044
3049
3050
3051
3052
3054
3058
3062
3066
3069
3074
3081
3084
3085
3086
3091
3092
3095
3105
3119
3128
3128
3129
3136
3142
3142
3151
3155
3157
3158
3162
3171
3175
3175
3180
3180
3180
3186
3187
3192
3193
3196
3197
3207
3208
3211
3220
3221
3229
3229
3239
3242
3253
3265
3266
3267
3275
3278
3281
3282
3282
3290
3296
3299
3299
3304
3319
3335
3337
3341
3341
3351
3354
3354
3357
3359
3359
3365
3365
3367
3373
3381
3384
3393
3396
3405
3409
3417
3420
3424
3431
3441
3444
3455
3458
3464
3465
3466
3475
3478
3483
3492
3493
3496
3496
3499
3507
3509
3511
3515
3516
3516
3518
3527
3532
3534
3536
3536
3537
3538
3545
3549
3555
3562
3562
3564
3567
3571
3572
3574
3579
3586
3588
3589
3590
3591
3595
3598
3611
3612
3621
3628
3629
3632
3633
3639
3640
3646
3648
3650
3663
3665
3671
3673
3676
3677
3679
3680
3680
3691
3693
3712
3722
3725
3726
3727
3729
3736
3737
3737
3746
3750
3760
3761
3767
3767
3769
3777
3777
3778
3779
3788
3789
3791
3793
3796
3798
3799
3804
3805
3810
3814
3815
3825
3827
3835
3839
3841
3849
3850
3852
3852
3855
3863
3864
3879
3881
3882
3882
3884
3884
3885
3890
3890
3903
3904
3910
3917
3919
3919
3919
3921
3921
3922
3925
3926
3927
3927
3934
3949
3958
3961
3963
3965
3996
4000
4002
4002
4003
4007
4019
4020
4026
4027
4030
4033
4034
4034
4037
4039
4041
4042
4044
4049
4058
4067
4082
4089
4091
4095
4098
4101
4109
4111
4119
4120
4121
4122
4123
4125
4125
4127
4134
4136
4137
4139
4150
4151
4155
4156
4158
4164
4168
4172
4175
4182
4184
4186
4187
4189
4190
4196
4212
4214
4220
4224
4226
4231
4233
4238
4245
4253
4259
4262
4263
4264
4266
4268
4277
4281
4281
4285
4286
4287
4287
4288
4314
4319
4319
4320
4326
4328
4329
4332
4341
4341
4344
4353
4358
4358
4373
4380
4385
4404
4404
4409
4411
4412
4414
4422
4422
4429
4444
4444
4455
4456
4457
4458
4463
4466
4472
4472
4474
4475
4482
4496
4501
4509
4509
4516
4517
4526
4530
4533
4540
4543
4546
4555
4586
4588
4590
4593
4605
4614
4614
4623
4623
4623
4626
4627
4630
4630
4639
4646
4648
4652
4653
4656
4659
4665
4667
4668
4673
4674
4675
4684
4689
4691
4691
4692
4693
4695
4697
4703
4705
4708
4708
4710
4718
4726
4736
4742
4743
4744
4745
4746
4747
4748
4748
4749
4750
4766
4766
4767
4776
4778
4779
4783
4784
4786
4787
4797
4798
4800
4801
4801
4817
4827
4836
4840
4853
4855
4855
4856
4858
4862
4877
4877
4879
4880
4880
4900
4908
4917
4925
4925
4940
4942
4942
4949
4950
4955
4957
4958
4960
4964
4965
4988
4992
4995
4996
5000
5003
5004
5009
5014
5015
5016
5019
5024
5027
5031
5049
5063
5072
5073
5082
5083
5085
5087
5088
5088
5094
5094
5095
5100
5103
5107
5119
5120
5122
5130
5137
5140
5145
5159
5159
5160
5164
5172
5177
5193
5199
5204
5205
5216
5220
5225
5226
5228
5231
5231
5232
5245
5251
5256
5260
5266
5272
5279
5282
5282
5284
5284
5287
5292
5293
5296
5298
5299
5299
5306
5307
5309
5314
5316
5321
5323
5335
5335
5337
5337
5338
5338
5344
5345
5345
5350
5355
5358
5358
5380
5381
5381
5384
5388
5389
5391
5403
5404
5405
5406
5410
5413
5417
5424
5427
5429
5430
5432
5434
5436
5442
5442
5446
5459
5466
5479
5499
5502
5507
5507
5510
5511
5514
5517
5519
5521
5522
5552
5554
5554
5559
5566
5569
5572
5575
5575
5583
5587
5587
5592
5596
5603
5609
5622
5624
5625
5633
5640
5640
5645
5651
5651
5653
5656
5667
5676
5679
5681
5685
5686
5686
5697
5698
5700
5705
5707
5720
5720
5726
5730
5734
5735
5744
5746
5747
5748
5749
5756
5760
5770
5771
5773
5786
5788
5789
5791
5792
5795
5807
5810
5811
5811
5820
5821
5825
5833
5834
5837
5840
5843
5846
5848
5849
5853
5863
5869
5871
5872
5874
5882
5889
5893
5900
5911
5914
5918
5919
5923
5924
5925
5928
5933
5934
5939
5942
5944
5947
5951
5953
5955
5963
5964
5967
5972
5979
5982
5992
5999
6005
6006
6008
6010
6015
6017
6019
6027
6029
6037
6041
6042
6061
6065
6067
6068
6080
6080
6082
6083
6089
6092
6097
6097
6097
6097
6101
6102
6102
6108
6113
6117
6117
6128
6130
6131
6133
6135
6137
6153
6182
6185
6187
6189
6192
6207
6208
6215
6216
6217
6225
6226
6234
6241
6242
6245
6247
6251
6251
6263
6271
6273
6275
6277
6279
6288
6303
6304
6314
6316
6318
6325
6326
6326
6326
6328
6329
6331
6335
6341
6342
6346
6347
6354
6354
6355
6360
6360
6364
6365
6366
6372
6376
6378
6379
6380
6395
6398
6399
6404
6416
6418
6426
6426
6426
6434
6438
6441
6443
6445
6445
6447
6453
6454
6465
6468
6469
6469
6476
6477
6477
6487
6489
6490
6498
6501
6511
6517
6520
6530
6542
6545
6552
6557
6557
6558
6559
6571
6581
6582
6584
6586
6586
6591
6594
6615
6618
6636
6638
6639
6646
6647
6647
6653
6654
6655
6656
6666
6668
6669
6674
6677
6680
6681
6693
6702
6702
6711
6727
6730
6731
6742
6750
6760
6762
6764
6765
6768
6771
6771
6774
6778
6779
6780
6790
6791
6797
6799
6805
6816
6835
6836
6845
6847
6852
6852
6853
6854
6855
6858
6876
6886
6886
6893
6895
6899
6906
6907
6910
6913
6915
6923
6928
6931
6931
6935
6938
6946
6960
6960
6974
6976
6978
6985
6986
6992
6995
6995
7012
7012
7013
7018
7019
7020
7030
7031
7049
7050
7052
7056
7058
7060
7063
7064
7066
7075
7089
7091
7096
7106
7107
7111
7117
7118
7125
7125
7127
7132
7133
7136
7140
7148
7164
7168
7169
7174
7174
7174
7177
7180
7183
7184
7185
7188
7194
7194
7195
7204
7206
7210
7214
7215
7222
7229
7237
7237
7245
7250
7252
7253
7254
7266
7267
7273
7274
7275
7278
7292
7299
7300
7305
7306
7306
7306
7308
7319
7326
7329
7329
7336
7338
7340
7348
7349
7354
7355
7356
7370
7387
7391
7398
7401
7402
7402
7403
7406
7415
7425
7429
7432
7447
7453
7453
7458
7461
7464
7467
7470
7475
7478
7480
7488
7491
7498
7501
7502
7502
7509
7509
7512
7512
7523
7524
7524
7527
7528
7528
7531
7538
7540
7547
7557
7562
7562
7566
7571
7572
7576
7576
7577
7577
7577
7582
7583
7584
7589
7594
7597
7610
7613
7618
7620
7624
7629
7633
7633
7636
7637
7643
7646
7650
7652
7653
7654
7655
7662
7663
7664
7664
7666
7678
7679
7687
7691
7692
7693
7696
7698
7704
7705
7719
7724
7724
7725
7733
7745
7746
7750
7752
7755
7759
7771
7787
7789
7797
7799
7802
7804
7809
7817
7819
7826
7826
7834
7838
7841
7841
7841
7842
7844
7844
7845
7848
7850
7862
7864
7869
7881
7881
7893
7895
7896
7897
7904
7906
7913
7923
7924
7927
7938
7945
7946
7953
7954
7965
7967
7974
7976
7979
7991
7993
7994
7994
8002
8010
8011
8022
8032
8032
8041
8043
8044
8046
8047
8047
8051
8053
8053
8056
8058
8062
8069
8069
8070
8075
8075
8076
8082
8123
8126
8128
8129
8132
8138
8145
8145
8146
8151
8152
8154
8157
8170
8172
8176
8177
8189
8191
