2
7
11
12
26
27
35
36
39
41
59
76
81
83
87
89
89
95
97
101
102
109
109
114
115
119
120
121
129
131
131
133
146
151
153
156
160
163
164
178
179
180
192
195
197
198
211
211
213
214
216
218
221
231
234
243
244
246
247
249
253
254
254
255
264
273
273
274
276
280
283
285
285
287
287
291
295
295
302
317
323
328
337
341
346
349
352
356
357
360
360
362
370
373
373
378
382
387
388
393
396
396
397
399
411
412
415
423
427
430
431
440
440
441
450
450
457
458
462
464
464
470
471
473
481
494
496
498
501
504
511
513
513
518
528
531
535
540
541
545
547
549
553
554
555
560
560
563
564
566
566
568
569
570
572
574
584
592
597
600
608
611
613
622
628
629
631
644
652
656
658
665
665
674
675
678
680
685
685
688
704
707
713
714
726
731
744
751
753
757
759
765
767
767
773
774
775
778
781
787
790
791
801
806
814
815
824
829
830
830
846
848
849
852
857
858
870
870
872
876
878
878
880
881
883
894
897
899
904
907
911
916
922
923
925
930
931
933
935
937
939
944
946
947
948
956
959
966
971
972
972
974
974
982
983
983
984
985
985
986
987
989
995
999
1007
1008
1021
1021
1021
1022
1026
1028
1044
1047
1048
1050
1053
1057
1061
1062
1064
1066
1068
1078
1081
1082
1084
1086
1094
1097
1099
1109
1113
1113
1113
1118
1123
1126
1132
1132
1137
1142
1145
1145
1148
1151
1156
1159
1172
1174
1174
1181
1182
1184
1188
1188
1197
1201
1206
1208
1212
1218
1219
1226
1228
1233
1236
1238
1248
1250
1254
1266
1270
1270
1271
1276
1283
1284
1294
1296
1299
1302
1303
1310
1319
1331
1333
1344
1344
1346
1349
1352
1355
1361
1362
1372
1373
1382
1390
1391
1395
1396
1399
1421
1424
1443
1446
1460
1472
1479
1483
1488
1489
1491
1495
1498
1503
1505
1507
1509
1510
1510
1510
1523
1523
1530
1532
1540
1552
1556
1559
1571
1588
1589
1598
1598
1599
1607
1607
1608
1614
1615
1617
1621
1627
1637
1644
1649
1651
1654
1659
1662
1670
1672
1672
1687
1688
1689
1693
1697
1698
1700
1707
1708
1718
1718
1719
1721
1724
1727
1729
1736
1742
1743
1744
1751
1752
1754
1754
1755
1755
1762
1763
1765
1767
1771
1774
1775
1778
1785
1795
1800
1803
1813
1819
1822
1832
1842
1848
1849
1854
1863
1867
1868
1868
1870
1878
1879
1879
1887
1892
1894
1894
1901
1903
1905
1906
1908
1909
1915
1926
1926
1927
1936
1936
1941
1945
1945
1947
1947
1958
1964
1974
1975
1975
1978
1983
1983
1986
1996
1999
2003
2004
2015
2019
2024
2034
2044
2054
2054
2054
2071
2073
2079
2079
2081
2084
2087
2093
2100
2105
2107
2109
2124
2124
2127
2130
2130
2132
2134
2139
2142
2143
2143
2144
2154
2154
2155
2156
2160
2166
2166
2166
2178
2182
2185
2188
2195
2197
2200
2214
2218
2223
2223
2224
2224
2225
2229
2230
2231
2231
2236
2238
2241
2248
2256
2264
2265
2275
2280
2284
2288
2288
2291
2295
2313
2313
2315
2325
2325
2334
2337
2340
2344
2347
2352
2356
2368
2368
2373
2374
2376
2388
2395
2400
2400
2413
2416
2416
2421
2421
2422
2425
2426
2427
2432
2437
2441
2442
2445
2446
2447
2451
2459
2459
2465
2470
2473
2480
2486
2489
2489
2490
2492
2493
2496
2497
2501
2502
2502
2502
2506
2520
2520
2524
2526
2529
2533
2534
2534
2537
2538
2542
2544
2549
2550
2557
2558
2560
2564
2574
2582
2590
2595
2596
2597
2598
2604
2605
2606
2609
2620
2621
2624
2625
2626
2628
2635
2637
2643
2647
2648
2652
2657
2660
2671
2684
2684
2688
2690
2694
2698
2698
2700
2704
2715
2724
2726
2731
2732
2734
2740
2742
2744
2744
2752
2753
2755
2757
2759
2760
2786
2786
2798
2804
2805
2806
2810
2811
2811
2814
2822
2824
2841
2852
2857
2863
2881
2883
2885
2888
2891
2896
2908
2912
2913
2917
2922
2922
2924
2925
2932
2934
2946
2946
2948
2950
2960
2965
2969
2972
2972
2977
2981
2982
2984
2984
2985
2993
3001
3003
3006
3007
3008
3009
3024
3027
3031
3035
3040
3040
3042
3046
3052
3054
3054
3060
3063
3064
3064
3070
3072
3085
3086
3088
3090
3094
3095
3108
3114
3115
3120
3123
3128
3134
3143
3144
3146
3147
3151
3157
3158
3163
3166
3170
3180
3183
3186
3204
3208
3210
3214
3218
3235
3238
3250
3254
3257
3263
3264
3275
3278
3288
3291
3292
3296
3297
3298
3299
3301
3307
3307
3312
3314
3318
3320
3328
3331
3336
3337
3342
3347
3349
3354
3354
3356
3370
3379
3379
3385
3386
3387
3391
3394
3395
3403
3407
3410
3411
3420
3428
3432
3433
3435
3444
3445
3447
3455
3455
3478
3484
3490
3501
3501
3504
3510
3515
3519
3523
3525
3527
3533
3534
3537
3540
3541
3544
3545
3546
3549
3549
3554
3559
3562
3563
3574
3578
3588
3601
3604
3606
3607
3616
3616
3623
3623
3625
3630
3630
3642
3646
3648
3649
3663
3665
3668
3671
3678
3682
3682
3688
3691
3692
3701
3702
3710
3711
3712
3724
3730
3734
3740
3742
3743
3746
3749
3750
3755
3757
3758
3765
3772
3777
3789
3793
3796
3801
3804
3810
3820
3825
3826
3827
3829
3832
3836
3844
3845
3846
3854
3855
3859
3864
3864
3867
3872
3872
3873
3877
3879
3882
3884
3884
3887
3892
3893
3893
3896
3900
3901
3902
3903
3905
3909
3914
3918
3926
3929
3936
3939
3949
3955
3955
3958
3960
3962
3967
3975
3975
3976
3980
3985
3992
3993
3996
3997
4004
4011
4017
4020
4023
4024
4027
4034
4042
4046
4054
4059
4063
4074
4078
4081
4081
4082
4082
4083
4086
4087
4092
4096
4098
4104
4115
4115
4116
4116
4143
4145
4146
4148
4149
4151
4151
4153
4154
4159
4160
4165
4166
4169
4169
4170
4171
4178
4178
4187
4187
4188
4190
4193
4197
4199
4200
4207
4208
4243
4249
4254
4255
4258
4264
4265
4270
4272
4274
4274
4282
4287
4292
4315
4323
4330
4334
4339
4340
4341
4344
4348
4356
4358
4362
4363
4369
4378
4378
4395
4396
4397
4400
4403
4408
4419
4423
4427
4429
4433
4435
4439
4441
4442
4443
4447
4452
4458
4459
4460
4467
4469
4472
4472
4473
4476
4487
4488
4495
4506
4507
4517
4521
4523
4531
4538
4544
4553
4555
4559
4562
4568
4570
4571
4591
4597
4598
4605
4605
4614
4615
4621
4630
4631
4639
4645
4651
4659
4665
4666
4675
4678
4680
4682
4683
4690
4700
4703
4709
4711
4715
4724
4729
4730
4734
4743
4747
4749
4751
4754
4758
4759
4760
4761
4765
4765
4767
4770
4770
4777
4780
4783
4784
4790
4790
4796
4802
4806
4807
4814
4815
4818
4823
4823
4824
4829
4845
4848
4850
4855
4856
4858
4858
4860
4866
4869
4871
4873
4874
4875
4894
4898
4904
4908
4915
4919
4921
4922
4931
4932
4937
4939
4940
4943
4947
4947
4951
4965
4971
4974
4976
4983
4983
4988
4990
4991
4997
5001
5001
5004
5007
5013
5015
5016
5021
5023
5035
5043
5044
5049
5055
5062
5064
5067
5070
5077
5080
5080
5087
5104
5109
5112
5112
5115
5118
5119
5126
5126
5130
5139
5141
5142
5142
5148
5157
5161
5162
5164
5174
5178
5179
5212
5216
5226
5229
5232
5232
5233
5242
5245
5245
5246
5250
5259
5260
5261
5272
5274
5277
5287
5292
5294
5297
5300
5302
5305
5306
5309
5317
5318
5320
5326
5329
5333
5335
5337
5340
5343
5346
5346
5347
5348
5356
5359
5364
5368
5369
5373
5373
5375
5375
5375
5380
5384
5386
5394
5401
5403
5407
5412
5422
5423
5426
5434
5441
5441
5445
5453
5453
5458
5460
5463
5467
5474
5481
5492
5492
5492
5497
5499
5501
5505
5505
5506
5510
5514
5518
5519
5519
5519
5520
5522
5537
5545
5546
5554
5556
5556
5560
5561
5569
5572
5593
5594
5599
5600
5603
5603
5607
5609
5616
5619
5621
5632
5640
5643
5648
5653
5655
5656
5658
5660
5661
5666
5670
5679
5686
5689
5701
5705
5707
5708
5709
5714
5728
5734
5735
5735
5737
5738
5738
5739
5739
5751
5759
5765
5766
5778
5781
5783
5784
5792
5804
5806
5815
5815
5817
5819
5829
5829
5830
5834
5837
5837
5840
5840
5848
5850
5851
5852
5867
5872
5873
5873
5874
5883
5890
5895
5897
5898
5908
5914
5919
5923
5927
5931
5939
5947
5958
5959
5971
5985
5987
5994
5996
5997
5999
5999
6004
6010
6021
6027
6036
6039
6047
6054
6059
6071
6071
6082
6083
6086
6095
6099
6105
6116
6118
6119
6126
6127
6128
6128
6128
6138
6140
6141
6141
6160
6172
6173
6180
6180
6181
6185
6187
6193
6203
6207
6208
6208
6210
6215
6215
6221
6222
6225
6228
6229
6230
6236
6239
6246
6249
6255
6258
6260
6265
6265
6268
6269
6274
6289
6306
6314
6314
6318
6325
6329
6338
6353
6359
6361
6367
6371
6371
6372
6386
6388
6389
6404
6405
6406
6407
6410
6412
6412
6415
6417
6425
6428
6435
6436
6440
6443
6454
6458
6463
6466
6469
6471
6472
6483
6483
6487
6494
6501
6502
6509
6511
6519
6527
6532
6536
6541
6546
6547
6551
6558
6566
6569
6570
6575
6577
6578
6578
6579
6583
6594
6595
6598
6601
6602
6608
6609
6609
6612
6616
6624
6625
6643
6644
6645
6647
6648
6649
6650
6651
6657
6660
6661
6668
6675
6682
6686
6687
6695
6698
6699
6706
6707
6718
6723
6723
6725
6728
6729
6749
6753
6755
6766
6766
6766
6769
6773
6774
6777
6786
6795
6799
6799
6804
6805
6805
6806
6808
6810
6811
6812
6822
6822
6824
6829
6833
6842
6849
6857
6860
6860
6861
6868
6869
6875
6875
6888
6896
6896
6897
6898
6900
6903
6908
6912
6915
6920
6928
6929
6932
6932
6935
6936
6938
6939
6941
6945
6953
6960
6960
6961
6964
6967
6970
6973
6975
6981
6986
7004
7005
7005
7012
7013
7013
7018
7020
7028
7033
7035
7037
7038
7038
7039
7044
7060
7061
7062
7062
7069
7074
7075
7076
7079
7085
7090
7092
7093
7094
7094
7095
7096
7105
7106
7109
7110
7113
7113
7113
7116
7121
7125
7130
7132
7134
7138
7142
7148
7149
7153
7158
7161
7167
7174
7174
7180
7184
7190
7194
7195
7199
7214
7239
7243
7247
7250
7250
7254
7255
7258
7259
7260
7269
7275
7276
7282
7287
7288
7288
7290
7296
7303
7307
7307
7309
7319
7321
7325
7334
7335
7341
7350
7352
7356
7367
7372
7377
7381
7385
7387
7395
7396
7397
7401
7403
7412
7421
7423
7429
7431
7433
7440
7442
7443
7443
7446
7451
7481
7482
7485
7487
7491
7501
7510
7518
7518
7521
7525
7529
7539
7542
7550
7556
7558
7570
7571
7572
7572
7573
7598
7600
7606
7609
7616
7616
7617
7619
7619
7620
7622
7627
7629
7631
7632
7648
7649
7653
7654
7656
7665
7671
7672
7675
7675
7684
7689
7689
7691
7692
7695
7695
7697
7700
7700
7702
7711
7712
7713
7725
7726
7729
7734
7735
7741
7742
7745
7755
7758
7758
7758
7759
7765
7766
7770
7777
7778
7788
7796
7797
7801
7809
7810
7814
7819
7830
7841
7852
7855
7860
7862
7863
7865
7867
7879
7880
7886
7889
7893
7894
7899
7902
7903
7904
7907
7910
7913
7915
7924
7925
7927
7931
7933
7933
7935
7944
7948
7951
7956
7968
7971
7973
7975
7985
7988
7988
7991
7993
7999
8000
8002
8004
8010
8011
8013
8022
8022
8036
8048
8049
8058
8065
8067
8073
8086
8088
8095
8096
8096
8096
8097
8106
8110
8113
8114
8115
8124
8125
8129
8139
8148
8149
8153
8156
8158
8169
8169
8179
8187
