33
50
236
256
365
454
489
537
542
588
648
655
741
759
764
775
812
830
871
875
910
910
933
1007
1055
1079
1115
1134
1235
1267
1270
1303
1304
1315
1405
1456
1458
1530
1698
1703
1745
1788
1794
1810
1837
1862
1874
1924
1925
1950
2038
2053
2118
2146
2174
2184
2197
2200
2246
2255
2260
2368
2390
2426
2449
2459
2528
2546
2551
2560
2604
2617
2641
2677
2748
2828
2830
2844
2955
3019
3030
3049
3067
3119
3162
3175
3179
3179
3190
3212
3212
3316
3524
3553
3605
3637
3651
3667
3710
3760
3838
3976
3997
4098
4120
4386
4407
4411
4418
4542
4548
4575
4598
4607
4666
4804
4809
4897
4904
5076
5137
5141
5177
5253
5311
5353
5354
5370
5375
5379
5416
5480
5508
5522
5524
5533
5550
5614
5643
5715
5812
5822
5879
5879
5883
5886
5928
5966
5982
6027
6083
6090
6158
6163
6164
6270
6281
6362
6373
6418
6450
6507
6530
6553
6577
6596
6596
6699
6756
6778
6964
6992
7010
7040
7055
7064
7067
7179
7182
7186
7231
7242
7258
7266
7284
7370
7398
7414
7458
7460
7577
7585
7845
7879
7888
7981
8007
8035
8142
8182
