3815
7305
7613
934
1674
292
1399
2100
6438
2749
4646
7705
5299
8075
666
1193
6974
3186
3648
5073
1525
5735
6913
3527
7704
147
742
5756
2970
4041
5231
2274
4458
6517
1752
1029
1581
2689
6234
934
3496
4925
2073
5572
709
244
5413
2008
7387
7862
293
5748
7140
1347
6858
2284
2151
1102
473
3726
758
5335
1162
8047
6068
8056
1795
2875
4332
107
506
7719
4320
3157
168
3640
718
5964
8129
7531
7924
2933
4517
608
3221
5554
706
2418
3750
4509
4172
3562
5786
7338
2011
7618
1188
7826
4695
4474
5849
4684
1993
5403
419
6241
3725
2249
1279
1335
2096
4856
5446
2865
6416
2081
2108
2185
5889
2679
5094
3014
4472
4409
6469
167
5928
1414
578
3319
199
1820
6845
6426
1824
7229
5955
5159
898
5848
1752
1934
6742
806
1034
6102
3917
1001
1212
2062
3639
3879
188
3536
2759
2797
5587
7789
666
1024
494
4745
1374
1556
7589
7746
6080
6398
2388
707
6347
3431
138
1111
8022
5925
6638
2994
7771
343
3275
3595
4749
6376
3341
5260
7329
3211
5939
4786
5730
4817
1927
1974
5810
1219
6764
5355
6559
4689
5381
8069
2174
1314
5193
6895
838
1678
4344
2347
7733
1415
6852
4373
4095
7597
6976
7184
7844
7060
6557
1955
3778
1193
513
2521
5853
4233
5686
3536
2246
669
6185
6443
5760
2071
1058
937
5653
4150
1527
6816
715
2376
6208
3549
4526
2319
5502
7904
2413
1830
4319
3373
1537
2359
3050
6354
5119
5624
1864
4675
3069
6207
2630
531
5199
3515
1652
5232
2433
7336
515
7012
5982
3927
6117
6978
4175
1133
1554
35
6187
7664
3142
5686
652
301
5685
1863
439
3814
4134
2618
5145
3420
1172
2300
7594
2223
2545
2819
628
4121
4858
3128
4404
1832
5293
134
7724
6378
6520
2617
2076
3354
6477
11
7237
3511
494
5296
4262
4623
7185
6653
1712
5874
2088
1400
572
2419
4058
3074
120
4742
1606
649
7118
3052
1381
5640
82
6854
4231
5284
1281
1251
6931
3354
5388
7206
1348
5085
7348
3884
101
2171
5404
7927
2125
7064
7523
5049
316
1617
3621
6328
5522
4652
4965
7127
7470
3798
5791
6923
5645
2221
3086
6992
2614
8047
4705
4743
1174
7693
2918
773
4186
4746
6366
7354
5282
1635
2212
4590
7475
5164
6852
793
3835
2039
7913
3736
6065
7096
1704
6680
2788
6636
3299
7679
6666
5749
1541
4281
6899
3180
43
3005
4109
344
6061
2998
3677
1297
2084
558
6790
185
5087
1525
2846
7797
8070
847
5345
3175
7945
8132
896
1512
4546
1765
638
4880
539
1630
6008
2123
3136
317
7841
836
7177
4182
235
5266
7180
2692
4287
3158
6498
6915
345
1472
5406
2718
885
130
1440
3841
6727
1589
4034
4992
4693
6314
7013
3904
5226
1270
2086
4697
2020
2864
3095
373
2196
947
1223
2257
6681
1206
5095
1517
2781
3021
6469
5825
1748
4692
7058
3192
4101
2719
7125
8041
7650
2684
1926
2238
2828
3922
4855
569
661
1529
3054
7245
5872
1920
5837
554
6530
7696
7502
2008
4900
1207
6404
4422
2389
243
4049
5700
4007
2818
3882
5298
1483
6730
841
390
3239
6995
5436
7174
2478
3534
4358
6133
626
7610
6097
4328
4253
6251
1601
8191
7637
893
5272
3384
1034
1725
3341
3458
995
2572
7633
2525
2314
3032
909
6545
2633
5923
5705
440
4466
4314
4111
3958
4044
5314
6876
7210
128
5088
394
7965
4226
6092
4877
5681
5911
2898
3208
4957
4089
2652
7252
2495
4964
1417
8051
6445
4281
5299
294
65
3591
15
482
6130
6360
2913
2135
5337
7725
810
2374
616
3882
6855
2358
1783
5514
3537
197
1538
7467
4214
5843
5656
7819
69
3910
2139
1322
2656
5770
1883
4238
4555
4726
4190
3767
1243
263
2512
3337
7020
7273
3193
1242
1158
3441
4960
297
8170
3455
7624
5027
2263
6441
103
6135
3849
2506
7826
2726
1593
7869
3424
1941
6101
2777
3196
7528
3027
7653
3278
1134
5788
21
5137
474
5951
2318
1084
2978
3737
8010
4530
4463
4164
1445
4266
1557
4787
4626
6985
7237
324
3253
3532
3092
2676
695
4767
2624
7453
6326
3151
1302
204
3155
7402
6189
1699
1689
7480
4380
3299
5082
5517
866
5309
1462
7306
1597
1527
3483
3789
2183
919
3265
6778
357
7993
6847
1932
3051
4027
1418
1025
1226
294
3769
7923
7802
880
771
4329
7019
6490
4475
5771
1216
7075
2503
1087
3965
856
847
2019
6027
2270
3586
7643
5651
5338
2331
1461
7453
2281
3119
8128
2612
2925
2844
3478
424
4708
5893
349
2236
3011
6192
3242
848
3171
2738
1709
3680
1233
7646
2514
8043
8075
2365
1105
6674
2534
4034
4122
4862
3290
1592
3729
3020
3628
1284
252
4030
6364
4855
8058
769
1789
1417
1273
5358
1406
6082
7974
6102
7300
4120
5698
3588
5726
6089
3466
658
4326
8032
4653
1628
3650
7629
116
2201
5225
3855
4455
2819
645
4003
2686
2787
2444
1076
7049
8011
6618
6995
4639
6647
6886
2274
6581
7464
7056
3760
4747
7527
4879
3381
3405
2770
2053
6217
2878
6097
3611
1544
2479
5228
2573
4277
5807
3761
7994
2029
4414
3516
5088
4259
2891
8076
5575
3663
7571
213
3409
482
5596
3091
7938
3852
3220
3493
465
4955
1019
5279
1460
517
7752
1899
6445
5442
145
94
3919
4779
4002
5381
3066
7509
7169
5321
6365
4037
2890
5919
7164
4942
1655
606
8082
5914
2210
1801
3058
4136
5358
1824
1664
5391
4958
184
7401
8146
7136
1825
6318
742
5216
1590
5934
8069
3571
3963
7881
7557
7524
5003
429
6379
5172
4648
310
6153
6647
5992
7953
7502
1177
5609
5747
6931
1777
1878
4667
6097
4784
55
5014
425
2204
559
1388
6594
591
6426
3516
7461
2446
4656
5429
281
6041
7458
4123
1589
5846
7838
3359
5720
7089
1211
439
7425
238
383
5009
7881
4736
895
1733
1993
1981
2041
4263
3927
2530
3598
2234
3365
1551
1543
4708
1621
7194
5159
199
1984
1928
7254
5603
8123
5024
6342
401
209
4196
2203
3282
7299
5871
2110
4042
7954
1011
5999
1880
7306
5205
3926
3804
6380
4353
6779
5380
2538
6279
4220
1817
881
7841
5072
3805
1368
1302
3281
1230
1183
3852
192
3890
7250
3267
2824
3049
6656
1523
1743
4605
3555
6447
1235
6615
1602
4766
4778
5004
5552
3676
3507
6326
2641
5882
6465
6453
4840
390
803
5918
3037
6006
7906
7194
4798
2863
8126
3282
821
5424
7355
8145
1256
111
7148
4630
723
3175
2029
5410
5633
4319
6215
5833
7429
6251
7896
6677
325
6586
5820
8046
7946
3187
4691
3934
4000
2288
4665
3465
4412
2849
38
6329
7848
2373
2265
5284
918
5307
4614
3767
8176
6501
2622
3864
2610
3351
1143
1161
6960
7050
5569
7691
5554
7620
837
3084
6477
4184
7030
3796
2915
3779
6910
2831
5122
2749
6271
6639
4744
4039
5933
5507
7750
5640
6341
5094
1406
4286
2554
2086
7488
6263
2566
4245
1026
3791
7509
4444
6325
4444
4588
3518
7841
4627
3777
11
1912
6225
509
2167
3885
5245
4501
6360
2036
4623
2717
215
809
5566
4917
227
4429
3810
49
6275
7478
797
6395
4908
7174
2527
1493
7864
3041
5204
2958
5707
2323
5511
4224
4668
6083
1393
1777
2966
7501
7498
2202
1073
99
3680
49
357
3044
1680
7052
6780
206
7994
5100
4942
7687
4659
6768
5811
1743
8032
2850
1891
2730
5651
3564
3042
3393
7012
4925
5000
391
5821
4033
5840
2241
6331
688
2859
8157
5015
4801
6771
2957
3129
412
7577
662
5676
2359
5459
7577
6247
5947
1508
2910
2832
4155
3492
5834
5344
6216
1692
637
596
7976
5287
2314
4853
3722
763
6907
1355
7278
295
7663
4516
2886
1157
7678
722
6029
5282
1964
1020
7432
1652
7406
7566
7582
5811
7967
1903
3863
850
3475
3777
6557
2314
6399
125
895
4593
7804
5345
5350
5697
6946
4482
5107
739
6015
7106
3266
958
1893
624
5016
3033
4127
206
4949
7666
4098
6928
4586
3509
503
4285
6702
1941
7403
6669
2851
4797
1331
1945
6080
3207
7356
6137
1858
7895
4288
1704
6242
5575
3589
8062
5795
4710
699
6668
1156
5177
7817
6853
4630
8189
7308
16
4950
4877
2636
3884
6128
1994
896
8151
6791
4385
4496
8152
3881
7267
6067
6774
4026
2405
4139
3850
5335
1712
510
3827
6468
7991
7222
7266
3949
3825
1475
7745
2505
2828
4750
4801
2969
659
5417
1401
3033
560
690
6805
6836
4189
328
1086
7107
2409
5720
4002
111
79
6113
2120
242
437
3417
2424
7512
393
2334
1108
4422
2987
3042
1571
3142
3296
2388
5427
95
6454
3673
568
5900
530
3679
2081
2489
7125
5432
5466
529
2152
819
4703
61
1871
1639
3746
29
872
753
5140
906
76
1306
5592
663
5979
4268
3996
3665
3921
6886
1896
5667
428
2813
607
1838
7538
4940
5338
4614
484
372
2541
1654
2417
7577
4673
3396
7066
7584
374
6762
2127
513
6765
7168
1171
7664
5519
1437
5789
6245
3793
2244
1693
4996
4168
2601
4543
94
1028
3304
5220
3919
7204
512
6487
850
4137
2506
938
2361
1879
7491
7402
6511
2156
7576
2369
2736
919
4067
4457
6558
7132
5292
6693
7329
8138
4151
3574
1730
4158
6037
2224
2687
7195
7091
1598
2777
3444
6288
2455
2209
5972
6646
2028
4341
4287
6771
858
3921
6938
7583
2129
3612
3464
3903
7391
7576
3365
5160
2241
6750
7799
5434
6893
4472
2098
1274
5384
2107
3010
4783
2106
2680
6835
1255
927
1219
6042
3229
5405
4748
2651
6372
715
2502
744
7253
4691
5869
3799
3579
1325
3671
8154
6571
975
7117
7524
1602
1078
1934
1144
2894
596
7897
1679
5559
4509
1733
1553
729
5924
2807
5944
386
6304
4456
1436
2578
3590
140
1262
5430
7850
3357
2797
5679
8002
164
3788
7562
148
3538
2638
3105
5773
5967
1935
7787
2500
2656
3727
2526
1034
5625
2500
262
4341
577
3229
3691
2899
4623
5953
1795
3085
3633
5083
716
5031
25
512
2601
4411
3632
7319
12
5063
7370
6303
5389
2246
6277
6346
299
8053
7415
319
385
5103
4718
4404
7275
8145
1081
1358
772
7893
7834
4212
1133
7188
2595
2915
4827
2172
7111
7654
6935
6005
6226
4119
64
2976
3712
7652
6182
2776
6542
4836
6476
5583
4082
4125
186
5323
2494
1203
3646
2400
6355
4766
1343
7540
3572
292
57
8044
6797
2109
7528
5120
531
2612
198
5499
1503
2276
5942
5231
3496
868
2837
6017
2111
3197
5792
6654
77
618
7845
6586
45
7018
6489
7698
6354
3062
6986
2276
7512
6799
4019
3035
0
1542
2289
6097
7547
198
5316
6131
5442
2274
956
3737
6019
4674
7842
4995
6906
4020
394
4125
3629
818
1114
3162
2512
6010
2601
2373
557
6418
3567
7844
7572
3839
2623
4988
359
3562
7398
6273
5963
917
4187
7809
7215
3335
7340
5507
318
2543
1387
1461
8053
6655
5587
7724
5479
363
7274
3693
6316
2819
5130
2452
6335
2720
2543
1077
2130
7174
28
7063
780
801
302
4358
5746
6702
7562
4540
2267
3081
7662
1050
5734
7214
6760
8177
1027
4264
6434
7655
3128
2935
6582
5521
1987
4533
645
5622
3545
3180
722
5510
2560
3890
788
2730
7326
5019
4156
7133
1148
4776
1345
6117
1917
8172
3032
7633
5744
3961
3180
6960
6426
7636
4748
1103
7183
1211
3919
5306
3367
2886
7759
6326
6591
5863
5251
4091
2485
2430
1861
1525
6108
2439
7979
693
1094
2682
6552
1259
7692
4800
3359
7755
7292
1110
6731
1456
7031
5256
6711
7349
7447
2099
2924
5337
3499
3925
7306
511
4880
6584
