5279
3150
2954
5674
8120
1641
5600
485
2725
5066
4379
6448
2818
1246
5584
513
6315
7980
7445
5153
4360
3010
1363
184
251
2758
2622
1621
4952
2860
5070
5728
4201
3246
2295
4546
4706
1555
1622
763
7554
4003
2243
748
273
3593
6989
6308
457
2847
6815
6982
5965
5999
6108
5277
5179
144
3909
3463
2783
4252
3294
7664
1454
1639
4883
8066
2033
6166
5753
1168
63
6397
6463
7641
2328
1885
829
6447
3511
7776
491
3956
4911
6727
4099
1466
2951
2042
557
595
60
1620
6146
1183
5006
3163
5646
3020
1965
3793
1579
5418
5414
4560
4216
6795
947
168
2757
7078
7024
5763
5867
7067
4
8030
6655
4271
1295
4818
4247
3315
3454
5338
36
5320
2323
5234
5132
4481
3362
1144
5893
7440
730
4677
7190
2483
8135
4834
806
2261
4027
4502
1457
1037
7617
3519
5795
1744
6189
7719
3169
6078
5337
7317
6435
2017
2407
8179
319
3410
2317
5889
4780
7278
3576
3040
3210
4104
1728
6732
6480
1338
1662
5333
6686
3582
730
7290
4296
5140
4735
7926
6023
6769
7054
7267
2172
5270
2987
21
957
3915
3958
1386
3941
4174
7566
1159
1305
3637
2890
1837
8047
4849
602
5939
8136
4015
7426
68
538
829
1662
1157
6582
2672
432
3921
605
7038
6203
3330
1995
6599
2523
2741
71
2136
8138
3218
2371
3184
6933
3414
6765
595
4622
2709
2491
7423
4211
3147
4296
3316
4037
2007
4396
5057
1043
2154
3265
5069
3102
7047
6798
8188
339
7643
1957
6062
4571
4296
5905
6741
5579
6150
5573
1225
2832
6400
4398
2321
4993
6973
2148
7683
7099
1112
2025
7933
7889
6013
6108
1352
2672
3777
3409
6476
5588
6641
3301
1743
5300
2862
858
252
4007
643
4688
4330
2314
3173
1410
4901
4020
908
534
1498
5957
7262
1885
245
633
5145
2014
530
2597
8035
3427
2555
2891
4390
4230
6681
3819
4741
476
2835
7841
2861
1234
737
7414
5384
1940
2836
7738
6358
2197
1881
6190
5526
4281
2884
7766
4916
7849
7487
1347
6269
6063
7898
4640
5699
3881
2467
6063
2156
3781
358
534
3568
5185
1938
5465
6332
7346
7635
3657
2266
6954
5831
2894
5771
4393
1211
4279
565
4434
4877
6692
5346
2844
8179
5626
4084
4499
4522
3414
5952
2601
6423
5989
4339
3224
3140
2643
6838
7159
4587
2110
3490
4885
6023
6082
3215
116
1293
351
2311
9
4375
4985
6090
2612
1482
4125
678
1265
1067
8149
6833
496
384
823
1115
2285
8023
5396
2843
381
3728
2267
4490
7606
422
4372
7496
6630
2469
4578
1308
8016
1748
5322
2560
2497
7895
7541
6193
7514
4340
5026
1559
3788
1501
2645
1270
3457
4667
626
1854
3931
2810
4798
1875
6714
1805
7324
2867
1018
1783
3298
3022
1201
6630
1916
3364
7082
3578
6232
2489
6154
3895
4554
1784
968
4209
7941
4332
2191
1898
3485
7695
5706
7807
3132
7762
4538
5040
481
4137
3181
4483
403
2566
3393
8190
7437
7823
4631
3025
542
8015
5128
6279
2901
991
4856
6978
2942
1072
2652
4079
7353
1194
3163
3007
2115
8159
2756
5743
6547
421
5147
4002
1399
3490
346
1186
1825
7373
2322
5657
7543
4376
6164
4331
746
5505
229
889
5318
4334
7277
6623
4890
593
3483
5547
3536
7236
1210
6853
7088
2845
4514
2523
1694
3282
6349
5420
2230
570
964
6188
1429
7485
5066
7483
7446
5517
3305
3565
6859
1254
1002
1918
7607
4542
8075
6903
6125
3959
5353
4301
7174
4372
1043
3200
559
5572
164
3881
6301
2860
6243
7401
7152
6874
7819
2187
706
5304
4296
5906
4132
4725
7824
1717
6825
1729
1853
5690
5713
1390
4226
997
6406
5563
184
4119
3544
2602
677
3021
2041
770
2369
8067
6791
6880
5663
3714
4468
1811
4716
6085
1571
4073
108
7243
4498
3623
8010
7339
1459
4548
6447
4075
2255
2292
265
4963
6530
1271
4174
1833
2477
1877
4741
5062
649
4283
4230
1756
6363
5324
8160
7139
5535
6980
840
1849
3044
7611
1639
5426
8086
358
5708
5732
2225
4307
692
2423
1436
4434
6669
5458
4352
1497
421
1024
3305
7619
6560
4002
2217
4151
4326
169
7630
2399
2690
3919
4773
6885
1688
378
7172
7339
1843
335
1935
7604
2009
6528
477
5964
6876
5566
3506
7915
5811
2486
2377
5433
6331
8103
5120
7013
7881
7998
3429
3043
6355
3866
7879
708
4136
1100
5278
5278
360
3953
4214
3327
6466
5686
6606
1450
1232
5649
5551
3563
4691
3518
6227
1129
5318
6765
4411
3518
2031
1075
6297
8001
4053
1270
2545
2804
8006
5275
1513
1300
247
6631
550
439
3382
457
2168
6149
8017
4045
6068
485
7670
188
874
3763
8139
6366
3800
5977
6334
4099
3902
6098
1242
6917
3604
845
2296
4574
7858
3616
6354
7865
1183
6527
2013
3603
470
4038
3999
3160
351
796
4025
5233
5231
7642
1284
3384
2863
1055
6627
5394
7221
5730
1567
3457
2701
4264
7490
666
7289
7855
1313
872
5553
7581
5016
720
5818
7719
7334
3203
6484
4942
3976
1754
2295
6459
1122
2785
2808
7306
764
7515
4450
3855
5015
6596
3031
8094
6602
5974
1354
3913
7307
2366
1983
5410
1398
4837
1147
8037
4822
4528
1521
5757
4498
754
3649
1126
2502
7769
2831
3192
3551
5799
7994
6049
6428
5646
1086
3556
2884
7586
2862
5453
5314
5690
2009
2549
768
4887
4143
7824
5644
6963
278
834
4301
2267
847
2846
5310
2891
7215
5088
4674
1057
6616
6474
2288
1415
6328
4816
5612
7004
170
5214
8175
2816
1805
7120
6097
335
775
6115
1638
661
1419
4818
985
3360
738
5223
1795
1642
7404
2850
2352
3712
4009
1207
7023
7170
7601
1394
4066
7222
1171
2007
2045
1372
4333
5314
2523
341
3409
3210
6816
932
7228
3729
37
5502
2457
6109
1033
812
1600
4176
7071
4313
3650
688
6100
4041
7029
4322
6085
7728
4154
536
5017
4544
1086
952
1344
4652
4953
869
3329
2554
5098
1221
1953
549
1349
993
7067
125
2729
6110
7146
4701
3807
2713
6857
7061
7173
6469
2184
2356
8129
3830
5527
3418
3390
594
3478
2532
772
5629
2590
6442
1718
2588
5952
8064
7188
5054
1237
7101
331
4425
2001
53
3724
2883
1866
2596
4966
3067
1343
2616
432
3292
5724
6317
6225
3636
4243
6406
6143
4937
4046
33
1230
3825
2072
2873
8172
6350
1441
4154
7979
1172
3490
1892
1631
6795
5216
711
5403
2771
7072
3396
5935
80
5092
5927
2901
894
1103
5185
714
5176
7984
2727
7664
4493
3045
1716
7861
241
4432
3007
2091
6300
5247
405
5347
2526
7419
462
7585
4824
406
535
3545
2292
4601
1998
4622
5986
7308
1765
4675
5573
136
3529
3785
5814
3486
5418
88
2415
6915
7376
1083
6121
4958
1999
8167
7076
6029
1086
4643
1148
6554
5282
4034
6641
2255
7447
5808
4708
4209
5468
4182
1464
6835
303
4422
2584
4885
1634
4739
315
434
40
362
3621
2407
1763
1346
3642
3957
5458
5822
4951
6902
6663
3583
1389
5024
6769
2081
278
1354
7213
6340
6950
4055
808
7161
4492
7038
1907
2882
7773
7808
6958
8041
3868
7258
1947
3599
6562
8104
3454
2100
3353
1078
6362
3508
3829
3050
7687
6294
848
4538
998
5215
4247
6379
2082
945
93
4246
528
5807
6171
6542
2090
7532
3691
6353
735
999
6219
182
3306
5084
6864
7692
7470
525
6341
5231
6676
5319
3900
6375
1859
7950
6501
5433
2633
3837
3949
7971
1179
8137
2398
6652
6159
7660
1444
4452
2196
6071
3636
1083
6043
112
100
527
3898
1987
4502
436
7086
5839
376
1865
7064
2791
1169
4764
7768
4937
2940
7551
2565
2750
1644
5471
1123
1913
1484
1808
136
2513
1136
3610
2856
3254
8071
2200
2171
18
5489
5281
5404
2735
771
4716
6303
2061
1416
373
2293
2034
3057
4594
2260
149
7030
2460
897
7568
5186
5072
4094
8036
6830
6797
5305
1680
1711
108
7776
6185
3827
3900
6360
4108
358
403
899
2701
2030
247
6975
5638
7346
6869
7391
7308
5434
2084
3565
1448
7664
5509
5618
2251
5473
2568
2778
3857
4675
6722
2840
4236
5077
2034
3687
1514
8127
5360
5063
4584
161
60
7071
3214
808
6447
5670
4532
7486
3133
6296
3130
1048
948
6522
2981
1015
4666
6478
6326
7603
925
2979
5614
7877
3085
6459
192
187
1841
1552
737
6996
5654
5600
7424
378
4810
7142
3037
7922
5932
1551
4871
2764
5694
4260
1510
1932
5279
1732
4023
4016
8045
7544
7304
2437
6791
6187
7176
2888
7065
3661
5180
1201
7511
4137
6426
3199
6546
297
5360
6151
998
832
710
6009
4817
6542
700
2470
5696
4573
2001
6316
6423
2622
7854
5671
2098
574
954
1838
2759
2520
159
6927
1655
6715
7273
6178
3719
6773
631
4602
2354
857
322
6505
5154
29
1530
6756
1192
3423
4833
7203
5882
6520
7828
3405
6047
7513
1100
1919
1612
4549
8121
3978
3971
8
4088
445
7346
1678
4600
2349
4477
833
3526
6832
4537
4847
4834
290
2804
1128
7868
1406
2634
5233
4334
583
8070
6301
5261
6976
6377
1399
5617
1822
5072
3962
4713
1284
119
280
1242
5478
4506
485
4811
7323
3784
4679
3913
2547
2140
3378
1777
5596
3503
5447
2565
7694
2400
1995
7657
2311
4215
5437
4004
7233
4197
7410
2715
1631
1027
3185
3552
4717
7585
8028
92
756
5786
2608
5454
1431
1015
202
3826
2265
1335
685
3750
986
1433
1977
1227
1237
1223
4334
166
8104
2229
3351
321
2793
5146
3
7952
500
7053
6000
2824
6427
8152
7310
6828
7173
6166
1535
3141
7175
2488
5112
6219
5864
1805
8002
3146
1155
5036
1909
2974
3789
4915
2470
7671
2450
380
2154
6484
720
4683
6813
6944
3246
7184
3355
2400
4087
206
4261
4913
125
6739
541
5562
2460
408
1166
3671
1606
1631
1555
5302
396
648
7798
2736
4548
3695
1739
3708
1884
4421
6464
4001
2778
3092
5821
6852
2422
1669
3165
1065
2306
2818
7111
4610
5611
181
4910
6970
1130
2983
5456
3249
5972
5835
5272
1814
2833
3106
1051
4375
593
8098
2131
1075
7268
3607
4026
6507
4811
8027
51
2630
7322
2598
3347
5511
5738
7265
5851
4026
3351
694
5610
1047
793
8026
5225
2121
3736
7903
3984
4435
3556
1744
2013
1891
5130
5526
7267
5656
5178
5105
4500
5528
3745
6958
5971
597
6115
957
6071
7261
3400
8001
3364
5824
5115
4095
3526
7188
3477
3177
7843
4343
23
8180
2077
1956
7999
7424
3668
6072
4042
2566
5004
320
3501
2817
7215
6168
1280
1034
5745
4306
488
844
3545
1925
2205
3617
2457
3590
5850
6817
7153
379
6826
648
3466
7105
1702
4280
6513
4645
6466
6312
7553
5620
4294
1427
3168
5565
3914
2118
3954
952
2339
1254
3974
1045
1997
535
8001
5832
3497
5170
5194
2387
4364
2575
2244
6173
3395
6528
5250
3619
3021
7839
949
2011
1790
6931
1601
505
2415
31
4794
7936
4217
3387
3055
1172
6592
1637
2270
2179
1117
6660
1045
2707
2829
7758
5724
4793
5952
7811
7504
6587
2065
5712
6052
6401
6910
7148
347
4041
5375
2392
1205
3269
2928
7552
2496
6932
989
5342
6808
3592
5568
3090
7686
4907
4858
3775
1596
1935
6557
6821
5913
5641
129
957
3831
2887
2809
1246
6286
139
7891
2223
1195
7801
1496
4742
7795
3640
5735
726
5247
3755
3171
835
7006
7827
1378
7938
2112
7548
7559
3631
3063
6481
35
4867
5111
4483
7219
5433
876
654
7562
2302
906
4130
5850
2063
7902
5395
1818
4812
7007
5359
7169
1339
3076
5273
4914
6007
4591
4742
7995
7961
2693
5067
5883
495
6544
