1031
4018
4508
4187
5146
6276
6623
7185
4109
3678
3302
1437
595
4315
3097
6506
2264
6445
633
1999
4896
5889
4886
7756
2473
4462
1771
1721
4117
3296
5896
3974
4336
7227
829
1666
3596
5762
1584
5294
5393
1733
5017
5041
1065
922
1117
7022
2514
4959
93
2810
1824
5422
3602
6854
1400
6302
1488
1413
24
7622
7709
1623
6665
2830
31
5227
4016
3646
5675
3108
1514
3974
6097
2862
7891
4665
7055
515
1856
6612
6552
129
7859
3151
4412
6493
7076
5572
5016
4064
2092
6347
5489
666
2600
4154
6078
7243
4583
4978
3833
2894
4055
1268
3633
6608
7072
3688
6931
5012
503
4279
6799
7676
7571
619
3781
580
7024
3608
12
516
1970
7956
4841
5415
1279
3657
7527
1529
3243
5087
5335
2241
4422
1549
7206
2110
1963
3686
2595
3979
1174
5731
4527
1552
5972
504
6535
796
4671
6037
2437
1269
4263
1815
6559
7292
1250
5036
1344
4932
2933
378
3338
2844
5462
5330
6779
1756
7004
116
3243
4350
2689
2429
1828
4356
24
5538
6462
4357
2804
5913
6974
8094
4177
876
3706
2389
6717
5341
3680
8141
1427
7459
3100
2580
1929
6311
6908
2491
1427
6207
678
7217
6864
1353
5252
5838
7303
142
6095
3437
5512
7740
7537
4368
7533
708
7438
7978
948
895
6101
2996
3914
4740
6435
1918
1932
5671
6816
2160
1259
2877
2894
7660
233
5609
4271
8017
7908
531
7682
3385
969
4919
3001
8144
3469
3450
4962
1540
7647
2388
4820
5652
6066
4356
3467
7361
7271
7884
5335
2350
4556
4292
484
1780
7258
7520
2268
2572
2795
366
6462
2564
1392
1794
3528
3553
800
1750
561
5531
7025
5705
128
3986
7704
1643
1122
4836
4647
5624
6344
3148
6823
7763
7904
3881
23
1669
2753
1374
1604
3529
2876
2481
5886
3770
4765
6111
2509
237
7528
2080
7780
250
4402
4082
616
2968
580
6350
179
758
7120
2728
3418
4083
2499
7457
3701
3722
3007
4291
5414
4463
5595
6112
5542
3970
5173
7119
7830
8059
6469
4941
7035
4664
2896
1386
4187
2727
7490
979
2274
2345
5420
3628
4756
6592
4533
6860
7726
3988
3442
4716
5601
7208
1700
6334
2094
7020
1315
7124
912
187
1055
1884
1596
3189
2238
3620
5638
5270
6684
2669
5335
7897
4266
6310
5650
2755
5012
3828
8042
626
2829
6806
5465
2995
6375
1802
7989
1184
1806
7860
6726
4601
2297
4291
3776
5771
8028
5578
4351
3991
244
824
7617
6065
3663
8124
6310
3910
3364
4845
2957
4998
4343
5390
93
239
4246
691
7354
2999
1428
5204
6526
6834
6202
6051
1916
650
1572
7829
4884
1161
7060
2371
3674
5270
6724
5937
1036
1611
5745
4402
2935
2611
2062
5880
4781
1218
5376
2146
2662
673
533
6168
1476
406
2143
7658
3381
5025
2309
2686
5415
1264
1254
90
1698
1761
1363
672
312
6225
3826
2031
3916
8165
642
2075
6314
5112
2328
1276
811
5416
7426
7481
2975
3023
4691
6902
2967
2109
7369
3647
2543
385
1007
6811
5511
7628
2996
4844
3196
6307
1944
15
4703
377
200
8045
7820
6366
5986
580
926
2617
4886
5700
5087
5514
4156
2264
3733
7457
6079
7566
2110
3229
2887
7937
7523
7940
6059
7974
7778
323
1651
7658
6396
202
2989
4869
1301
5644
6198
981
1706
4578
1082
4950
3299
1089
1039
3185
3815
778
3546
4820
1941
1882
5895
5272
6905
4614
2909
995
2360
1303
8165
3315
5930
1089
2019
2209
1542
7278
4016
4156
73
4567
4994
1313
1285
2618
4026
6050
4931
4512
1368
993
7474
491
1631
3794
3512
3778
1558
1064
7925
2611
1008
3019
6923
5396
5518
2078
4383
7610
2823
409
416
996
4779
3810
7073
412
2068
5461
7402
5680
6120
3018
2234
2100
7625
4956
7643
2679
3835
1147
1208
3848
722
1530
3088
5005
5166
185
8100
1875
6010
4263
1679
1310
6773
5190
2120
5587
7670
3455
7566
5343
2602
1543
1223
5974
7528
8111
8085
7467
4709
5589
6711
7931
3470
1797
5178
2572
6227
3385
923
7743
7763
6312
3270
3738
5856
3845
8052
1183
4808
226
1660
8063
1996
4096
6184
771
4831
6578
5166
5187
3951
5559
4082
1846
3297
2392
5097
2829
5528
346
4919
5744
130
339
2000
4234
1851
3095
4745
6809
2129
2080
6352
7233
4066
2591
3788
7281
4048
5024
4056
4196
3405
5103
2385
5870
6990
3764
3820
5364
5603
8167
3428
4689
6329
2460
6140
7220
2618
5201
7696
7295
1831
1214
4137
1071
4616
3989
3674
5546
6043
1542
7790
1754
1002
4386
5732
1987
4816
6963
5759
7713
6463
5547
2262
1672
705
3550
4197
2244
6717
4541
3847
3207
5205
1877
3721
4329
5531
1842
8144
3519
5168
7394
4627
774
4550
3203
425
6172
2644
7912
5762
4285
277
4496
6904
4539
7942
2679
5557
1406
8136
5547
6009
7535
1741
5401
2504
4396
6902
3296
3941
86
1343
7003
2533
8181
6732
1976
3478
1134
2397
4403
2252
5119
2688
5687
7843
1943
4461
5259
2998
3984
5527
7478
5417
5137
2
4251
5122
6290
4832
2924
6085
4055
7
7666
6067
3493
1309
2852
6437
2267
5645
1390
7496
5275
7063
7245
2184
8034
2610
8114
4689
7707
4956
4786
2841
1155
5952
1044
1761
7049
7406
3149
383
1047
5512
1392
2798
6109
7448
4947
3401
122
332
4031
6460
930
7925
7101
7457
874
7036
6359
6612
3920
2271
135
2204
7636
7137
5749
1415
1670
3965
2718
2768
3306
963
3730
2594
4293
3184
3330
5864
6589
8130
3617
1263
7816
7900
6107
3434
5994
6326
7967
241
4323
2956
5447
7850
4759
3289
414
6006
5533
1472
7684
2446
3102
5380
225
8004
2434
3848
7230
7319
7072
440
4356
6310
981
7058
7625
7476
3773
289
5015
3523
1097
7935
378
2312
6533
3221
1647
3499
6168
7814
5745
1929
3268
4955
5852
293
3408
3684
3421
2404
6981
387
1473
2111
1729
6722
6058
5255
3499
4275
5567
1110
1666
1398
2869
8055
1988
3059
5706
6448
1219
6641
7806
1468
761
6161
7400
7463
4453
3645
4919
2081
3695
5413
6918
6219
5741
3671
2505
5471
4889
6136
373
1627
5981
5360
4741
6305
2497
3176
2234
4745
7091
3371
942
604
1112
7093
1650
5795
5454
2098
128
3772
3933
6893
3258
1071
1980
4613
6621
3466
389
8166
6312
457
1735
2523
7222
745
2296
6457
7540
6585
6882
1183
2170
7309
2728
5626
7492
8032
2512
3602
2814
595
3959
3363
3794
3437
6953
4591
1204
559
4251
989
4223
1952
4235
2316
6266
4671
4478
6429
4640
5933
1539
7020
1847
2778
6100
7506
1191
4610
3520
8004
5799
6438
3501
5331
6558
8077
7171
7875
4180
1848
6878
748
3782
783
2616
5916
2329
7085
783
7276
6371
915
5957
225
2300
598
4799
7860
4226
7825
826
7210
4542
2567
6488
6543
2834
642
2825
3586
154
6457
2519
5564
3019
7850
7806
4863
7403
7325
6357
2183
7818
4812
7210
7874
3377
4147
3781
6122
5698
642
6039
1947
4040
1114
7953
6804
5679
3240
553
892
1025
2920
7912
4082
1038
1167
8044
6060
7772
2317
6901
5321
2862
4911
5201
4823
5594
4243
5152
7167
1022
2534
226
4322
7238
7774
3685
6175
7595
4025
7584
5319
2207
3237
6358
1289
6145
294
865
5823
700
3074
3956
7453
3741
7485
4209
7924
5511
4031
6452
6573
7118
2993
1837
6043
4966
5210
2779
2391
3130
3594
3700
4009
3223
1314
1701
4629
5192
2403
5068
6738
652
5914
6189
1158
3829
3749
1794
3243
1445
4169
1841
3850
7361
6862
7544
508
1906
8172
594
2884
7270
7470
3947
7799
4385
7845
3484
2487
5355
7010
5635
736
4299
1103
5641
5040
2122
3596
3539
3123
5363
2503
532
450
6726
1982
5563
3176
14
1384
4328
6226
6861
6909
6645
4835
1940
2656
7129
1197
965
6637
2410
7197
2035
4809
6416
4489
1386
7412
5361
7004
329
7585
1657
4604
6342
5685
438
2249
3206
5241
443
2923
7048
7080
232
3223
7708
5005
1562
6031
5638
3283
6651
5667
7657
5058
8002
5549
6302
2329
134
4011
5995
380
4332
6791
7695
2818
925
2777
106
4399
3744
4230
4110
5029
4548
527
2367
8003
3992
2156
5519
6577
3012
5232
4963
6193
5207
3006
6026
6268
5568
7279
4429
3888
6695
7379
6831
2990
6349
6369
4285
4329
3797
1921
4768
370
2469
741
3644
5176
6397
2555
3562
4695
3299
5619
5151
1468
2686
990
5368
5251
7366
1766
1329
5360
5632
265
2527
6133
4568
5009
2865
3263
64
7436
6061
4616
1823
6588
261
3626
7036
5683
4637
7402
2652
5368
3684
1164
4065
5432
5987
2549
3648
7198
4024
6904
5271
196
379
1149
7697
2727
6965
7858
6561
3175
1753
5269
3417
4956
6433
3260
2810
3960
4599
4028
2760
5738
2177
1909
2781
7099
7605
7137
836
2849
1016
3373
1375
4528
5473
1711
1538
1479
3780
6187
1026
3043
5114
3859
2554
2738
25
2655
2889
569
667
6587
465
6081
3335
229
6725
1975
4203
5762
301
2147
4119
7437
778
7418
2218
7311
7554
4428
7442
7126
2387
1237
4736
7438
7994
7629
5725
5881
1945
2456
4490
6405
5174
2594
3747
2608
6849
5398
5986
125
5865
4876
6831
7216
1954
2684
6066
6339
3737
1533
7086
3459
1478
5619
4180
991
3037
6050
4940
8187
6507
5769
2727
6834
373
4102
3732
8009
1696
6557
3755
1173
7527
4249
7726
7289
1631
7474
6305
734
118
3914
3460
445
6259
4489
3074
5871
4176
2728
2557
280
82
257
7114
3218
4632
1700
5157
1735
5618
2364
353
5071
5169
6683
2803
5053
2699
7713
4189
23
1776
1491
7990
5074
3290
4372
7486
4066
1161
1798
7921
1113
1927
5392
4669
7377
398
6173
6152
4695
5059
8155
3255
1446
7100
4220
21
1262
5419
1927
2187
5667
1647
7544
3773
3816
1069
6466
4347
5944
2864
4184
7624
3538
2589
1079
1480
1820
1034
7979
6219
1456
7467
6352
7246
7827
4225
6397
4866
567
7332
2389
3066
5346
5908
3075
5927
6059
5744
3170
41
2957
6348
6649
2337
1640
1119
2741
643
7216
299
6845
1051
3348
6803
6186
4927
890
6712
6799
3524
7249
5419
3663
4890
3559
7016
5294
5825
6900
1274
6994
6946
7942
7837
339
4486
5648
541
919
3098
764
1262
5925
612
2308
3949
6200
5675
2050
1507
5275
3680
2390
7062
4257
3506
6753
5563
7199
4061
3722
4289
1862
3720
2041
5802
7273
6049
7150
940
4273
862
730
5630
124
1124
3753
7038
8164
6092
5843
4137
5822
2482
7226
6456
6293
375
6767
1527
2838
1334
1512
4858
7409
7518
745
5700
3729
6319
7026
80
7008
3984
645
7821
6430
6231
3163
3078
5787
2673
1341
900
3560
2001
215
4590
2955
6128
2175
6738
7531
3378
2322
6437
4924
3326
5796
5336
977
7947
5553
6050
5648
7122
4079
5001
5623
5007
5650
4759
2035
728
2828
3637
6484
2008
4361
2065
5223
2409
2174
1160
7614
83
6176
7380
160
3776
130
2585
6471
356
2976
2903
7252
6844
1667
6520
1750
6076
1219
5398
4060
3695
4224
6057
310
4532
7422
5256
6679
6177
6895
7959
1926
3361
6060
2517
2730
2210
7073
2502
146
2647
1240
5109
7928
7412
7176
6222
6880
3272
367
2894
7596
4759
4057
2998
1402
6184
7697
3681
5694
6907
2759
1901
7139
2954
6500
327
4206
5114
6302
3227
1224
4386
6321
2991
3826
4959
5070
2038
1733
3815
8114
2533
1395
3384
605
672
6112
6598
3565
6123
7297
2262
4754
6471
3710
3682
736
5796
7838
3392
2354
6459
2405
2752
4225
7260
1061
8005
5251
5268
1703
6139
7292
4478
341
343
355
2063
6537
3026
661
1056
7301
7218
3334
1945
7857
4837
3203
6068
230
6602
3549
1260
911
3239
6559
1782
6707
3440
597
7526
5092
8179
5257
5115
5802
3991
3351
499
5674
3357
6763
7830
6291
1505
1212
2172
6815
6996
2195
2033
4454
4433
1916
2390
203
679
789
11
7517
6456
4180
7225
3573
6034
2773
7606
5513
5209
667
6788
3717
5123
5617
4688
1613
4800
5388
2332
7258
910
6028
3485
3637
8033
5471
3414
1175
2318
865
3912
5431
6727
1868
5957
3913
1889
1689
6270
7260
3593
6480
8086
4252
7034
6460
5806
6773
1332
3311
6619
5754
4966
7924
4777
7076
3907
1098
3767
456
2443
7708
5110
11
1598
4646
5373
877
1355
6007
4554
334
5713
7558
6193
1403
3947
4623
6373
2844
5510
7109
3232
6386
1721
7506
4166
969
593
4588
6180
5152
3691
958
6347
4283
4265
2487
2809
3405
4974
3726
3034
6901
5269
666
7126
1386
3591
6486
5365
7025
761
1377
6307
1249
7561
549
7585
3812
3965
7942
4803
3437
5398
759
1144
2484
4475
1055
804
3234
675
985
1986
5648
5394
4790
799
3381
5724
7321
4162
7690
887
1339
2552
4619
5044
5242
6137
6196
6493
2802
7848
7975
6308
6112
5914
1408
7153
2522
3398
1749
481
5373
2127
3620
4760
525
5173
6415
5169
4010
2156
1199
6031
4243
2018
1688
7842
5614
6166
5719
6692
880
3031
8081
7555
6622
1497
5054
3552
3458
7374
1488
7502
1192
1277
4824
8106
7866
2143
4539
26
4727
5629
5656
4475
8180
2696
2178
2672
7642
2231
7529
6950
5665
5932
6144
6391
4919
2296
7592
1163
4433
5180
3689
7467
7221
4685
3480
1131
1347
1285
2497
3901
978
6253
199
6134
445
4039
4654
5701
6636
6768
453
6162
4138
2704
6598
3080
4047
1167
1669
2058
7225
131
7444
1593
4287
7760
5715
6707
6327
7892
6461
4587
760
2125
5495
3728
1596
6024
3707
7335
4127
1500
5549
3048
5210
5871
6131
8122
7962
5034
301
4793
7169
2280
4645
3338
5218
5186
4460
1891
7601
4296
6129
3746
5524
6912
6464
2111
26
4676
7271
6766
2237
5382
5102
4228
2996
2696
3366
3959
1647
4773
2064
5642
6665
6391
6926
3481
1234
4417
2205
3029
2111
2790
1532
6066
3837
3304
1749
4302
7663
6608
1294
6064
3301
5854
790
8005
128
7988
7347
4317
1999
261
1186
7654
6124
3575
2210
6911
3633
4422
1220
6305
1867
6998
7654
4628
1729
3895
5917
7142
5316
3643
5745
4471
7202
3751
1685
2417
603
2687
6560
6154
4259
4906
7014
6899
1981
5471
2531
2125
6356
3496
4687
1865
5326
466
994
4079
6684
2072
8072
1234
6691
4048
905
3744
4002
5170
3090
6720
7213
3108
1891
1156
5281
5339
4644
4753
7055
321
4921
7662
3044
6609
6778
2088
5220
5048
1748
7811
4363
7847
7391
4575
7523
7441
4059
545
3838
6955
1265
731
3901
6817
2461
6399
1696
7895
7928
254
4006
2696
3894
4271
2699
5690
362
6666
2404
1462
7515
5660
4381
6747
1875
3506
6972
130
8154
6749
6409
4498
7838
4955
2939
803
7774
2878
3208
2209
2445
6841
6242
7681
7819
1341
5194
86
3287
2459
3521
2951
472
1944
6593
3206
329
830
7548
6313
6023
2631
3201
3300
6586
2928
382
7155
5846
4654
6038
4470
2346
7028
4515
2514
6434
4069
3463
7977
6265
7033
7631
951
6711
2102
3743
877
6749
6579
584
3803
3126
4779
7120
5786
2147
6238
3907
4325
7895
6995
1506
7762
664
4723
2139
6074
7836
1553
1335
2539
1519
5212
7730
1232
7380
2120
1409
7666
6658
2603
4160
5248
5734
2372
3850
6544
4082
811
3560
4797
3369
3880
7255
422
3707
5627
6876
7417
4254
4625
4152
4248
2613
7716
891
279
6225
4156
1958
4777
7376
6323
6027
2475
7873
1569
7534
979
2152
6033
130
6564
2379
5236
1509
1018
199
2196
7453
8098
7656
5555
7757
6630
1838
4080
4863
6073
8174
5692
1523
6450
4248
7535
1706
5905
1217
2142
3077
7318
2597
5536
7043
5475
3175
1512
2520
2840
3676
2357
3537
2504
4772
4135
453
4544
3868
7046
1510
796
7428
6555
2654
4170
2725
7382
98
3238
7001
5053
7015
7324
2435
243
3438
3956
5594
3220
7677
5579
2119
4625
6867
8065
7809
7950
6383
6218
1905
6070
2074
3838
8093
6100
5449
2948
1295
3486
5923
8176
5333
5243
4414
6986
2026
4728
7366
3346
5743
6848
5346
4849
3302
1801
4650
6791
1630
5147
5002
2861
1272
3987
5550
1
344
6312
6471
4923
338
2236
7799
3410
7519
4539
7245
2204
6433
2163
2018
2787
3222
4624
1530
2683
3545
6039
5653
5586
7898
7440
6812
5455
6475
5417
7570
3202
1699
6511
1523
6932
4371
6916
6388
4061
8052
697
6936
2966
3426
4729
4580
6826
476
1643
5966
3964
4236
1424
7405
5743
5542
6036
3828
4862
2995
5466
641
4710
4143
3780
4017
6414
2232
3068
2702
5028
6035
212
4710
6668
6242
6149
1518
454
5613
7722
3676
3157
3905
6203
6764
4863
5098
2961
3260
1642
2745
7160
6276
2581
5501
220
888
5194
369
6016
1806
1212
7998
4380
936
8178
3948
7717
537
234
4137
4003
3486
475
7591
6615
4111
3938
3767
4867
5098
6778
4935
955
3097
4061
7665
4507
1917
3464
7431
2016
2326
6431
7705
3780
3048
2279
3167
4493
4615
6658
1947
7778
4429
3382
905
4174
3863
7659
7442
7115
4253
202
8088
3850
2419
7557
2263
8005
4118
6717
7729
5438
6211
1255
6089
5388
7672
6674
1251
7188
8006
5939
2447
7470
5932
3404
3345
4261
6792
322
7785
1470
3809
2489
1798
6341
3669
2685
5920
4277
5758
2581
7004
6821
6155
4498
196
2568
1250
4838
263
21
850
5725
6594
1887
5831
1993
2061
6913
2862
6511
60
5208
5356
2238
5177
2400
6065
7228
2254
5299
7773
5040
1151
3102
2817
3739
4423
477
123
6246
7821
555
1432
4754
5594
6003
3009
2116
1594
7643
6459
2977
3597
6851
3636
4549
1444
866
2745
1605
795
3667
3587
2478
6684
6639
6507
7075
4828
3596
2045
2857
5447
3891
1880
1369
4723
6080
22
190
3654
5330
7489
104
5340
2965
6920
295
7067
1148
7282
2169
3956
689
5484
4135
943
921
4830
7172
6906
3110
4849
4375
4587
7997
6217
5291
5582
302
1354
2213
3749
1259
7059
2780
1607
6932
8140
5158
6108
4188
3277
4517
3304
2622
33
7097
7535
6254
2417
6288
6155
5663
3413
2906
3554
4679
6835
8054
6423
8029
5174
3998
5678
7849
2419
6680
7481
6055
3976
4516
2823
1434
1181
3356
2198
8183
2652
3327
5534
1476
6200
2600
1443
5642
5776
3291
7648
1336
2609
8064
6181
7889
7579
3339
3897
3472
2157
238
5450
6256
6024
4955
577
5583
2455
3995
1942
840
1111
3415
1721
2997
4586
14
3647
7628
1568
5648
7935
6403
7381
3772
909
3100
940
1438
7726
5912
4725
5359
1139
6265
3440
4400
7670
5317
4602
4193
4937
4836
2139
3960
1327
6806
5442
4109
394
4136
3276
3812
3941
942
7647
7203
6134
37
7252
91
3740
4743
7612
4913
5889
3637
812
7608
5362
6341
5086
1345
2972
7192
2185
4915
4708
6853
3979
4714
2119
3906
3928
4586
5392
4929
7406
6561
49
3443
3847
6136
978
960
6711
1577
6709
5106
6590
4221
4211
4675
7146
5890
7007
3263
4594
2166
7051
4477
4172
3216
1378
4454
6995
4454
5616
2490
950
1912
2748
4614
7049
1503
7526
2232
497
6077
3352
4408
7233
7413
2032
1657
4606
5467
688
4630
5866
7706
1145
5347
890
877
7676
3302
2852
553
3215
8046
4603
1182
4975
4043
640
965
2493
2212
5057
5494
473
1610
1036
3968
3724
7760
3445
6863
6150
180
1949
4114
4712
3687
319
2819
4087
2632
6097
1269
5871
2870
7013
3339
1865
7467
5085
5238
5165
551
8170
2889
7345
5222
7394
1082
7440
4582
7914
1672
1754
2920
125
5186
1472
5402
1586
1392
4537
3003
5845
6109
5011
7576
4117
5761
2850
6917
3659
5516
4353
1052
4212
1591
1749
2840
4432
7261
86
3825
2104
2027
5941
4780
2289
1280
5178
3918
4083
3950
7160
5366
6473
6745
5938
3064
6193
2471
6307
7042
1800
3510
1260
7971
557
5851
217
1951
525
2989
3432
6144
4632
7267
1729
334
4749
3145
1887
4464
5795
5306
816
174
1550
882
4472
4680
4903
6351
6499
634
7227
7299
1537
6125
3653
160
955
5872
6186
1447
5912
7279
5664
2251
2868
7640
695
6463
1672
3575
6075
1745
2859
6707
4358
149
4397
6663
6631
6759
6282
5448
977
7614
462
2054
1098
1891
8090
7660
5616
7439
2611
6939
5531
7761
2038
1925
2900
2860
6624
5285
2887
6263
2440
1166
1314
4494
2926
7685
2353
6980
2500
6465
7245
6763
4645
510
5057
5376
2640
7535
3775
5320
7294
5256
6889
2001
1521
7836
5015
5507
5757
2512
2749
3665
5644
612
6375
4428
8098
6908
613
2680
4149
3692
2249
1656
53
4116
5239
610
2155
2286
1871
6111
6234
7556
1005
3562
760
7723
5702
5946
4684
2704
1693
6364
1404
249
3847
7260
4923
1135
4203
782
4702
1210
1902
5302
5764
4706
4506
2065
6196
6144
7261
6349
5459
6305
6837
7078
5557
5000
7184
6780
2388
934
4843
5138
7140
1161
1216
3765
3876
4660
3059
5873
5473
7497
1478
4809
3600
4057
5169
3809
7038
926
6256
4381
647
5279
6515
7838
3263
1167
6384
6759
5534
2856
2348
7870
5781
2648
2432
6113
5973
7785
2349
1230
4780
7096
3461
3467
1193
7801
7046
381
3387
6383
5093
7546
4466
5330
6920
3932
395
2847
6692
7363
3172
5513
4744
1569
4350
3606
4497
691
1771
299
7982
3658
5858
641
6358
8115
2265
2019
6487
4580
8010
4170
2068
6864
2257
4320
7104
1134
3442
2283
2791
822
4328
572
694
6308
1405
3369
775
605
4802
6182
3669
5661
1301
288
3024
5895
6540
8039
6573
6340
2215
6561
5968
6449
1604
215
2941
4049
4266
1583
5589
2065
3613
330
4274
2683
6365
6268
3329
5668
6163
7098
1101
5510
5211
2840
6873
5219
3212
3473
4346
704
6037
1185
2963
4657
5331
4922
4641
3634
6964
6339
6784
1033
7284
273
5828
1304
7334
3701
8019
2286
3075
1900
2803
169
7588
4743
7090
257
6832
3565
2565
3699
4897
2525
5017
6751
4877
6429
7723
260
6205
4583
6915
4793
6000
1908
3929
1401
3481
1189
7651
8148
369
499
2051
2139
771
7851
3116
7237
2112
2891
5817
4779
6373
474
2486
7353
4666
4677
2548
3922
948
3901
2764
2209
3261
2669
200
7017
543
7271
1344
4592
7095
2511
3040
6228
6122
7514
794
7612
7956
7529
2276
7827
958
4945
8116
5118
4278
2228
4999
4159
2020
772
2330
5036
5019
6552
5699
5126
4605
3696
4968
278
125
4980
758
6611
5347
4723
357
1290
3307
6511
2391
2683
3326
3344
1510
1125
7087
2861
1874
5910
2279
391
6270
2635
7007
7585
7707
1113
915
8166
8091
3351
2527
7685
2272
339
6529
6011
1284
36
15
1853
909
4837
6343
1652
2159
4636
945
6626
2642
8125
4173
6906
2353
5593
1690
3783
1756
3339
4761
1910
2589
26
3712
1986
1884
1197
21
5653
6515
4959
6391
6472
6349
5360
665
1338
5357
7943
2905
1602
3564
6714
3808
2019
1507
639
3435
5293
3364
7171
3005
4513
4075
2090
3815
7553
6730
647
6336
6450
2639
8180
358
8050
1187
5744
3250
4881
6975
1650
3899
7097
3449
2595
6930
4221
1341
3887
4870
4009
5287
2968
6932
1153
4733
2366
6048
5310
507
6571
4944
6716
1045
3531
4675
4586
3538
480
6824
5204
2828
2807
4469
1042
2577
2312
7908
6546
1512
8010
1997
1826
1725
4945
266
7039
2303
8151
6074
5275
5189
3865
2400
3643
559
5026
43
4192
5618
3424
2885
1681
5283
5023
7450
7298
5696
62
5228
4908
22
3161
4672
2933
1137
6980
7147
5124
6047
7797
6264
4421
153
6938
1557
6021
3482
1789
4197
699
2825
4169
5446
1293
6392
6480
2428
1126
906
431
5226
588
5585
8069
4829
624
6472
1334
7311
7126
3440
1308
4024
959
3961
2722
2806
2004
4506
4780
2836
3335
5289
5846
2361
3731
5593
3411
4201
7976
1019
3401
8171
2638
4210
8182
910
4110
797
6096
2797
7687
851
5167
4701
7148
709
6491
3430
1659
5093
6349
506
6608
6752
1779
4353
2622
1842
7837
6922
363
3832
715
3971
2571
4999
3103
8027
797
3913
2942
5275
6244
2883
1376
834
583
4222
5774
2805
5171
3252
2474
6840
163
4789
90
3167
6921
2103
3675
3889
4330
5917
5718
1337
5432
4706
6839
1056
5789
4316
5905
4131
2500
1714
6730
1833
3227
7037
2858
3183
353
3480
1039
78
8044
5178
7386
7001
4459
1623
7478
7119
7016
1784
682
5094
1342
4138
7272
7192
1310
3312
1591
4265
4851
6842
3650
7284
68
6310
1918
4878
6539
5800
1215
3378
8090
4532
737
3247
323
2280
1985
7209
4008
2015
6424
4037
3410
1039
6270
4212
6797
2144
939
3842
7079
6030
4737
6361
11
4727
6556
3240
6154
2225
4946
3476
3780
6319
3583
6470
7660
1938
6978
3666
3289
5516
5142
435
3100
6001
3136
1406
319
3889
960
5941
869
3834
3810
6351
3386
549
4211
7843
6986
5773
6780
1801
1328
1361
338
5125
1494
2128
108
1220
1509
3160
7051
72
845
7999
5827
4564
7842
5111
7418
3957
3811
3366
4925
8102
7568
4445
7029
7648
6295
1983
5161
2685
2157
1355
1648
7802
6534
6794
1978
7456
2138
7551
3321
3175
6642
2753
5771
3594
4306
3018
3125
7200
4268
1434
2118
51
7707
1781
6252
4834
7845
6820
1377
6752
693
4176
230
652
5077
5438
676
5071
8068
6792
979
1695
204
6660
2983
103
5896
617
6095
4148
2666
2231
2932
3443
4970
5213
4243
2624
1733
2055
2374
584
6760
1504
277
26
6144
7551
1800
571
7832
2162
5716
4310
1102
5838
4431
8184
1156
966
7395
2375
4908
6745
7203
1206
5013
6162
7316
1006
4116
352
6079
5579
2663
6532
6712
187
6372
7372
740
7530
3312
1961
1826
4102
7097
421
6322
994
2361
3901
6438
4606
6388
3708
1570
1044
2492
1875
7143
5056
7716
7687
876
1711
2351
3211
8082
2443
6038
3858
4125
2791
7814
2184
6378
8133
1990
6380
3789
4184
6921
912
121
7189
4109
6666
5926
4592
5026
6879
751
929
5919
3599
7362
5889
3078
7642
7557
4185
752
2532
5264
7906
513
4801
2628
4093
143
4406
3898
4015
5608
470
1299
2504
570
1991
8174
5645
5689
6601
2720
7781
5223
1742
6002
8138
6603
1520
7677
6382
351
3976
6063
6739
531
7769
909
6869
433
2159
6944
4194
7320
5586
7355
332
3707
6524
2502
7748
2412
4376
299
3692
2000
3270
1715
5869
4060
5456
5411
416
292
3033
3047
5404
7504
8015
6991
7079
2500
5532
4030
5132
3341
5299
8132
5282
3609
5662
5854
8111
1519
2071
1096
3699
3518
2086
8114
5089
37
7339
7173
608
1430
7191
7469
7300
3745
5713
6074
8131
4861
6996
3152
7038
4407
7615
2109
4918
1316
6668
2388
5417
6524
7140
8140
606
435
7808
35
7540
1467
3185
7066
4528
1646
2725
2484
1421
4775
6348
755
7755
7352
5094
6140
5205
544
2769
2916
4444
7365
6550
7976
5684
3756
1441
836
7904
2646
7036
3925
6129
8170
1807
2405
7267
2731
2777
378
1741
3281
6663
7777
2091
2988
10
3678
168
2133
6283
4571
3183
5903
7626
8085
1493
7329
7008
6974
1403
934
1071
3120
4729
5744
673
6706
2413
2933
5845
1574
7513
6051
2657
4240
2683
7798
2174
3789
4953
1944
5696
4939
4975
6582
3575
3293
3796
6731
1093
2889
1663
8152
2881
6223
7091
3953
4505
1569
5265
5661
630
5612
7206
5703
1401
3853
54
40
6234
7343
3992
3522
1174
2643
6269
7608
1977
2545
4173
6822
591
6377
289
6307
3910
7781
1803
4829
2198
29
6818
8037
4135
1285
2426
5589
8039
8101
699
5659
5357
5227
3983
5062
5713
4871
3178
4543
5994
8038
1343
7002
1214
7068
17
7395
5325
5501
6519
5171
4161
7162
8018
7152
4469
7603
1511
136
3669
2537
81
6894
1256
4055
2744
6816
7831
2044
2780
130
5434
1299
5103
6151
6798
6441
883
3365
6831
5585
7163
7777
7426
218
7862
7199
1843
4148
3589
3099
101
8142
569
6944
6180
2622
7202
5172
965
1569
510
7421
6770
7671
3000
250
195
7804
2252
3997
3406
5127
2655
2215
5629
7926
7448
732
1057
3931
5206
1255
5043
1383
2658
3399
6589
933
3904
5040
345
1052
4844
7265
7208
82
7015
3466
3785
3445
87
3340
4740
5643
7709
5781
3895
939
3611
4198
4078
877
7831
2037
1290
3792
7317
1409
8110
5384
5854
3406
6997
7138
2834
5084
1679
1312
3196
6937
6186
8100
3461
3867
2101
7704
737
6216
199
7069
1523
7371
1133
7399
6160
1673
681
2036
2112
323
3544
3798
4287
4213
783
6341
6830
8105
6584
8063
8026
2187
3877
1992
5851
2293
5309
7686
792
2838
7424
4245
6831
7201
7459
2707
1105
5551
507
1789
5492
2493
4322
1995
7815
5992
5573
7109
1001
3325
1061
516
1501
3150
2654
1325
5920
2846
3170
272
3882
1453
5032
7248
7222
1824
4162
703
4750
6587
6396
6595
5225
2761
4526
7387
5298
2448
140
1821
1164
5226
6204
4833
4081
3836
2063
2329
7402
1363
6119
5918
2020
3432
7273
4970
2799
5331
2285
3974
1253
172
4173
3287
5396
4770
1971
6781
6549
8017
4264
7906
1269
4531
2880
4908
5161
5125
6235
6750
6085
2827
5203
3476
1991
3972
4249
1593
5585
2883
36
378
1905
4728
2525
7294
2426
1056
5415
2516
852
2727
4656
6896
2604
6283
941
8058
1372
2753
6271
7599
1074
1828
8119
7983
1387
1261
7193
8065
7753
7128
115
7458
1803
106
456
5533
1447
1181
7636
7917
1089
2169
2367
6384
7223
2528
467
5233
7812
4539
1105
2991
5882
2566
1832
2372
6295
3678
5823
1263
4411
4346
7966
1748
2623
633
1093
202
6720
1199
781
3902
4622
5483
4392
877
5614
7200
6455
3682
51
6839
7070
7721
7953
5659
1360
787
6689
1747
3803
7686
7141
1851
6227
6250
4408
3922
4275
4031
3884
2984
7792
2954
3146
1126
3314
1198
675
2330
2428
6208
2464
3923
1619
1652
871
6472
7746
55
5838
1009
5606
659
770
2710
5687
5703
7153
1091
2617
752
3666
6018
5563
5715
7156
4539
5603
6923
3578
3577
6265
2471
1113
1936
89
8095
5808
3488
2015
2974
7610
6735
5243
4931
5874
4659
2736
312
6907
5262
2393
3833
5188
5346
5897
4233
3943
3560
486
4826
7036
1414
6428
6140
4539
3238
2516
2603
6703
4564
695
4959
1312
6400
7992
295
5290
6190
2790
5262
5873
5391
311
3002
3674
7600
6982
5672
3875
4224
3422
7316
3708
142
2783
5358
1480
1398
4944
8105
3702
7495
6286
5396
2363
5155
7921
5107
3217
7215
5648
7621
2602
5107
5632
4311
7773
8020
7233
5930
423
5222
3324
6690
4120
4326
7437
4659
5850
8075
1016
6292
3356
3044
959
7023
6585
340
3577
6425
1644
6980
2794
7644
2598
3198
3868
1494
5357
1386
7461
4530
2029
1852
3543
5006
2094
3690
4880
4332
3166
2479
3997
7233
2150
5483
357
735
4919
6594
3903
4961
1048
588
6570
2032
501
6179
3128
8112
2044
6044
5806
7540
5624
466
1155
1954
5251
845
3268
7171
322
2600
2944
4648
7848
6746
5621
6143
4269
3619
561
1892
4161
6339
5936
1137
5016
7764
1086
7454
538
3925
7070
5904
3278
6355
5094
4682
4643
3193
3347
6599
2153
561
3961
2998
5656
2502
1544
5141
2815
402
7334
101
2493
5965
513
500
4005
1469
6212
2721
1714
3335
2562
7860
7783
5381
466
6662
6949
874
4879
5269
1371
1053
2791
6561
6846
4535
362
1846
1733
2608
762
5800
6915
6231
1305
3638
5719
5398
7818
1733
95
1568
6881
6376
6098
7540
1261
6426
6922
3915
4816
4781
3493
6294
52
6056
2759
8132
6322
5315
6533
4886
2535
7784
1419
5863
538
4015
487
144
2925
2098
6118
762
5938
7460
5463
8030
2219
4923
3128
71
4873
861
3730
2180
7375
7697
6000
7374
1788
4708
5821
5526
7549
6405
127
4454
2751
2148
5716
1186
2182
2731
4355
6227
5569
5918
5148
2197
918
8047
6382
4058
1738
2434
3196
1635
6469
2780
846
8072
1757
2363
7088
1026
4455
7187
6314
4587
5055
1249
7318
8146
5147
7223
3242
3752
1730
2175
2245
7921
7298
4537
4529
687
3676
3320
3147
3053
4939
5994
391
3099
1764
2882
1209
4600
5884
7139
5112
1697
1064
5685
3153
873
5446
5715
3373
7047
5341
7625
1776
4412
4554
4448
2579
5660
7074
425
999
317
7384
6841
1302
7511
7975
1031
2815
4985
7532
2823
1778
6331
3834
1398
2813
8182
3366
4920
6645
6688
1325
2692
2860
3727
2010
324
5466
5217
3107
7559
7697
4054
4682
7167
591
2093
6218
4642
4761
3387
5231
7825
4716
5695
4093
2304
7658
5395
6113
5904
2141
2477
901
8187
2886
1838
5323
8015
5634
1852
8030
3487
6777
4228
1932
4076
1040
5117
2497
7748
7206
4821
5644
6894
3918
5994
6574
5951
362
4984
4243
2515
3342
8162
18
204
6069
4795
6448
7324
8092
4779
4250
7934
3254
3597
6891
7739
3345
6924
7012
2880
2058
5486
7930
571
5486
6902
4343
3684
1032
3071
1405
5034
3012
6494
1115
2654
781
335
2175
1465
482
1247
1840
2466
451
2335
4595
1715
4159
336
6698
616
5321
6252
4295
6487
883
5698
5739
2321
5874
6328
637
3857
216
7394
7115
1431
1085
6785
6805
5112
824
7958
2881
5327
1129
7288
5061
7360
2666
5997
1981
3354
2448
1741
7584
5581
6575
4090
2363
1848
5304
8074
2442
1817
7533
7978
214
6723
7431
7799
4087
5412
6007
3508
4548
1011
6620
2905
2023
4921
3172
5355
3579
6485
477
3638
7734
7051
1622
346
5210
5015
7406
1633
1327
3055
4855
436
7134
5073
6380
4607
5580
1993
7565
5535
3110
3402
6956
5279
685
1347
1242
210
3437
1484
3772
2429
1308
79
5390
6700
4387
2108
11
4007
2597
6212
3529
7557
7008
3073
6241
7601
5100
5257
523
5995
7352
7401
2546
1059
6631
5026
3580
18
6623
44
1092
7770
6128
6664
3297
3263
5815
2865
5666
2670
7476
3995
836
2903
3191
6271
2629
4014
1925
3866
4385
6209
5347
381
4026
87
2261
3870
4618
993
108
4876
3077
5354
5579
4837
6359
4024
5244
4532
2852
3581
4861
2371
6253
1010
7365
6166
5236
462
5169
499
7302
7822
4433
3345
2738
3627
4080
6478
7096
1207
4717
785
3082
6542
7353
4704
3261
7040
6925
5988
7370
2929
6779
5245
7022
6008
6236
2099
1138
7560
7177
4615
1518
3868
408
8098
5910
8170
6211
5500
5519
3554
2072
4481
1123
762
5625
5811
690
991
8127
4981
105
2522
928
171
8085
6507
2785
5534
5833
6082
5818
3740
5934
1382
6968
854
7604
1846
2856
805
4606
6908
4100
6256
7749
4429
6653
1856
2791
5509
1298
7155
4324
5935
7261
2296
3667
6559
5821
5655
2570
2399
6202
7367
2691
2281
4679
5269
5595
5609
6561
6418
4498
3207
8170
3846
4261
1820
3502
3088
7589
2233
2798
1496
71
752
842
8190
991
898
5452
3453
7041
672
4201
4135
2691
1962
3858
7525
807
4026
8173
8135
5729
3702
7670
5534
3945
7503
1110
819
8032
1572
1068
2359
5680
6151
7393
2805
652
1337
6852
6787
331
5867
4345
1152
2766
3328
2217
1454
7103
3187
3532
5642
5450
7226
3723
1347
2350
4527
5145
5027
3997
4523
396
3519
6864
2124
3686
4898
5800
6921
5158
6822
63
6285
2717
4662
8150
924
2833
2457
8148
3686
3611
5978
2400
7355
3672
6908
1865
5256
2011
3807
2542
5265
3613
2511
49
2304
3936
5729
1672
3035
3212
3430
7543
6774
5302
1096
419
681
4621
2893
3050
6465
3146
219
3796
5188
4600
1017
7341
2532
1152
7563
3401
7771
5163
4076
1050
3042
2118
704
7972
1899
5300
3380
4372
4533
885
7260
649
6328
4054
5610
4592
7006
5235
6466
3418
3697
1519
536
5576
4963
6297
7677
6628
6621
5229
7945
1392
5168
872
7127
7293
7220
1970
4806
6123
7803
1750
7065
1254
1676
464
6712
2919
5693
5757
1696
1976
784
7028
1563
6673
5886
6895
6248
6587
812
3292
7323
7530
5977
4005
5317
2837
7599
1106
8012
4459
7480
6591
3953
5091
3246
257
3943
5080
4985
631
7851
347
8078
4105
2949
385
3977
2519
427
1354
6509
4776
2964
942
6692
6153
6849
1024
6285
678
5288
4166
473
3173
437
1079
4736
4952
3190
2952
4924
952
8166
5364
2814
4434
3552
2696
1559
6450
1393
7506
4105
2260
1781
6278
4827
3359
991
4449
5812
4458
863
7481
6628
5932
7917
3122
5508
6454
7721
5681
4924
1305
7938
100
1525
7147
4512
7451
5927
6493
6974
1319
7392
5605
7316
5414
5695
6332
612
2155
2488
3896
6575
3353
2357
7555
604
6900
4095
7088
6073
2892
3058
4747
6435
5570
5226
1829
3256
6906
558
7428
6076
7528
175
3333
7009
6927
7808
5886
686
7830
1063
4616
3024
1988
2738
4357
3314
3702
7397
1060
6912
4390
4899
4184
804
6814
4645
77
4841
2436
7055
7435
5721
2425
3966
5031
5241
5431
6043
3164
2096
5046
1246
7028
8088
7989
6286
4423
7743
3398
5540
2741
7187
1873
21
5395
457
7072
7149
1485
3806
3181
3442
838
4464
7593
877
6293
7834
6064
1635
3409
6771
7678
2854
4645
6237
5803
4510
5445
4927
1836
8034
8125
7878
7956
982
487
2896
5732
4192
5247
988
7774
1629
4627
338
7840
2219
4369
7459
1400
5609
6556
3591
3669
6214
4249
6409
8020
7847
4080
8102
89
2649
238
5616
2391
5294
6307
5043
8020
5610
5767
6388
7372
3389
1450
2220
2726
2745
7153
1035
7260
3014
5807
5786
7792
1586
4767
7570
13
8106
8016
4487
1682
734
7440
2866
6129
2656
414
7738
3350
3342
2549
7501
8109
7913
5936
3857
6687
3516
1709
6392
1603
4077
1166
6774
766
7006
519
1027
4953
5254
2442
2447
2543
1711
4930
4742
5316
5463
3864
6730
5977
1990
6057
2901
4540
3557
8014
3840
1778
3214
7614
2567
7654
6340
6954
4124
7621
2807
571
5556
4449
10
6595
6486
3509
648
4735
7085
7757
544
6575
1756
144
2883
4868
4593
3393
1881
5671
820
4728
4630
564
1214
2959
385
7685
7392
1938
7344
1024
6388
2355
7793
8141
4574
7153
4506
6042
1947
3858
6853
2643
258
54
4985
7462
2388
5576
1182
5480
5841
7998
7367
7312
1999
5641
5368
3305
3582
7474
3893
2022
4861
5911
4400
3673
3388
1008
2933
1713
2855
5129
7835
1188
5168
2161
1099
5919
7778
7876
3860
6683
5883
5399
1295
2441
4388
7465
4217
3888
6692
2639
7723
40
2749
6018
3719
73
2520
2827
3574
576
4447
8086
7550
7889
1701
3403
2851
2163
1935
7931
5507
6065
7872
5353
6042
183
3462
8080
1176
1083
8153
4989
6882
4382
5873
6170
4282
5228
4765
1935
7768
4593
6497
3161
7033
3355
4885
1190
5902
6344
3895
6944
7679
2886
386
25
3823
1333
7356
143
2394
3984
3638
1512
3578
2898
3552
7246
2924
5585
5192
3693
68
7716
2412
4990
4948
5065
2921
945
2225
3987
4929
6302
4587
923
8100
991
991
6928
5106
5789
2540
5495
3530
3166
5309
336
2267
4084
1325
1688
2316
5865
6477
4127
3619
2261
4367
1211
1898
4353
3359
909
1051
2749
4312
1293
6079
2456
1490
4476
4169
6268
1211
3230
6263
2624
6466
2780
5047
6216
3479
2265
2582
5433
1386
7973
5634
6035
4539
458
465
2885
5704
8038
1169
6667
8181
6260
3136
1557
1965
4293
4978
7371
2709
3373
6359
4526
8013
5425
5235
1982
1189
1826
804
5347
785
405
6492
2943
5875
3155
7264
7783
5088
6253
6503
329
1729
1159
4893
3133
7742
4158
2121
3351
379
5480
997
7299
7853
7854
3358
3702
6413
4031
7507
874
4865
1122
2779
4480
7649
1570
7942
2457
7759
3850
2000
101
3581
4716
34
5886
1160
3040
5003
1949
683
664
7661
7591
2796
6130
2678
7076
5784
953
4719
6983
2925
3457
2275
1327
5606
1130
6990
1123
7096
6445
3496
5785
6410
7392
7124
7609
2656
3899
6539
4300
334
4273
4049
213
8135
1096
82
1733
6661
1408
3197
538
2131
3768
4936
7645
7105
3593
6009
180
3523
5148
1380
1762
2647
2344
868
6719
3947
5579
2277
4447
3059
316
7747
4115
3986
5144
2353
6063
89
3919
3213
4309
7871
3042
7252
6709
2440
5689
4991
3058
2337
2745
6392
4441
3087
5936
5498
3613
3365
597
1130
2266
3427
5909
3655
1807
6810
1515
195
1949
8081
5055
262
4409
5525
6964
681
4093
4509
6140
913
2617
4
1679
4424
4081
444
1961
2689
6197
7115
3509
5045
2307
2223
797
1098
476
1827
6424
1149
3112
6264
3107
6660
3149
809
4245
5175
2376
3589
5982
7
3077
2167
4759
3355
4679
4498
3851
409
2878
1738
356
7438
648
5992
191
4844
5832
7106
7091
7289
6401
3832
4165
515
4692
5480
2168
3289
7633
2207
1425
3607
591
1686
7633
2716
5714
5537
4975
3758
5713
1186
7886
7250
5619
2740
3812
6839
1498
932
8002
1731
4851
1843
7123
27
7105
6869
3571
2774
7518
5708
3441
4134
1453
5732
2072
8001
3268
2435
1500
1577
2703
5874
5688
1335
2497
2237
6472
7043
5397
4983
1515
302
4344
7353
7072
4296
1181
5237
5227
6942
6666
4191
5082
6406
7976
7075
4927
1611
7333
3419
6193
5334
6559
1202
7338
3737
479
393
7614
7750
4774
1242
2136
2202
7562
3789
644
5491
3537
3987
8175
6904
5314
3547
2011
7910
3067
5396
793
415
7939
6949
6251
4922
1948
3319
6463
2566
2836
2804
4658
3675
5289
2036
374
747
6947
3343
5544
1893
7925
1119
7366
5090
4075
6803
2295
1305
6087
2585
4052
4138
3575
7109
7872
2122
1367
5487
5463
4972
107
6238
5310
3379
5418
5786
6465
3458
4743
4324
1554
5652
2748
7866
4629
3898
927
6607
5986
3459
3801
2199
7240
3961
4873
2576
665
4440
5331
1483
1172
3778
5314
1664
5967
1220
586
1555
6273
7016
6576
7325
652
1279
3348
5985
3402
3051
7096
1041
1102
7462
3457
4459
4461
1856
3342
1409
575
4474
5107
3244
2602
569
7573
6336
1549
105
12
5063
3562
3165
7526
25
4331
2825
3240
3903
574
741
4645
8008
3651
7886
6476
7183
4663
226
3503
7720
2549
7756
5110
4389
8106
3509
768
7378
1839
2571
5648
2709
5297
4696
1144
270
5700
677
1057
1631
4933
7333
4884
8103
5601
7758
1769
704
1196
3195
7630
3604
473
639
1037
1672
2892
5226
642
5256
3944
4801
360
2028
3766
3239
2168
1331
4904
6602
5765
249
4237
348
4752
2925
3763
1456
1012
6577
1536
6374
754
7900
4733
6610
1076
3035
4392
4706
641
6865
411
4684
6145
6476
1015
1900
5127
4534
3137
3062
2627
7544
187
1384
6790
1040
806
201
4479
1850
1483
1824
8129
7588
6816
1023
3852
2747
6959
5133
6665
1385
2856
4177
2622
2587
2157
3311
5742
4744
127
3437
732
5709
5815
4538
2646
1174
3580
3102
4575
6126
2055
5406
5266
1861
2637
5764
3877
2713
1537
3892
6491
6107
297
4858
3600
853
6805
6073
6468
4690
1556
5833
2771
7067
1973
2680
2080
444
7359
6438
6974
1202
997
4554
6237
1663
1433
283
141
4718
4742
4327
7152
1021
3705
888
2599
5530
5517
5724
5802
2993
4672
3372
4271
5150
1192
6510
6309
4838
251
3842
7337
3990
5456
3520
3677
6452
2614
1729
1148
2888
3285
3984
578
6514
3453
6179
3391
3479
1109
4417
5332
2463
3021
1866
4967
3991
7735
7670
2619
6545
1103
2240
7440
6121
2482
3646
7098
3527
6457
3985
618
6791
2874
5978
5793
6153
112
2537
661
4904
1261
4272
514
3374
7899
2223
2264
3861
7816
5104
6428
1768
4433
6366
6983
2324
3509
5455
2625
4142
397
818
3163
5492
7687
4204
5742
2164
3100
4762
5917
6929
7218
2013
5803
4866
7839
4930
1578
5274
7869
6548
4947
5122
6110
1118
386
748
8075
668
3844
5722
5924
6999
6324
566
142
3856
5808
1481
2886
5612
5295
7858
4726
2967
688
3651
1677
229
6134
3952
6373
425
7295
655
7779
1556
4667
1179
85
7114
5043
3549
5950
4302
441
863
6704
3924
2626
4647
5420
3113
4376
5334
5223
351
2374
5287
7902
682
3948
8021
658
4590
7089
1686
2266
3015
2342
2583
6262
122
7637
770
4728
1934
6321
3690
4470
7939
332
7768
4113
1176
877
4272
7503
6945
5831
2916
5779
4145
6124
3589
3234
1160
3349
5989
6944
1070
7021
4180
2346
1902
7233
654
618
7125
1483
2564
1434
5232
4565
370
4170
4728
84
3943
6995
905
6896
5880
5838
3292
5555
8000
6336
6893
3900
231
7542
971
6775
2909
3069
5805
7734
7945
7246
3398
1322
2194
4875
6845
2627
914
6105
8078
7936
4437
7013
4325
6754
7752
7723
3420
7539
7473
1879
8021
4705
2977
3364
5031
2268
2568
6141
5667
1684
2751
4323
6763
4990
7261
5345
6962
6592
6766
6078
4456
863
2305
81
6060
2258
2766
6194
3104
7030
388
4637
2242
835
3461
5675
4296
7641
5633
7405
5090
7227
4396
2376
3266
5607
4087
6621
7102
3830
7447
5283
1844
3716
1437
2579
3126
5510
4651
4489
1968
2328
509
6815
7285
219
7948
5898
5651
4442
4192
6650
1068
5186
4264
4836
4447
3525
4743
7220
1184
4427
5148
5902
3202
5946
118
7092
6956
3234
4272
7146
5406
7225
6535
5473
477
3375
5843
6931
2831
350
4172
1912
1435
6191
3677
6512
515
3246
3103
5696
4142
2253
5408
1631
6735
2834
7549
1101
3837
6626
4804
3206
6243
6158
5583
1608
7168
923
2081
6139
433
5107
2468
4609
6380
2454
1264
3442
1579
3004
368
3060
2451
209
2462
5094
224
2921
1850
3653
2066
6009
920
384
5365
3688
2626
6934
2302
3977
4170
3027
1334
7035
348
899
726
120
1919
901
4907
1964
7502
4671
465
7317
5096
2460
7366
6730
657
2146
2240
1360
1237
3446
2606
3724
1982
3467
5616
3781
4717
7572
7907
1479
7783
2174
7977
7781
2370
6133
6241
3288
4818
2436
6835
5269
4321
3855
4362
6953
2003
5618
6178
44
7109
7380
3622
7840
7118
4649
4386
4212
4676
5088
1991
7679
6560
1562
3688
5055
4026
4044
2204
7758
4356
165
2202
2003
3062
586
5480
1661
606
1437
3665
6733
3980
6947
3224
7982
5653
2365
3285
816
4967
6976
2698
4657
4379
4807
6485
7670
403
5568
4438
3443
2284
569
5586
7100
5091
2147
4902
3041
5806
4278
6088
1802
183
423
2537
429
1360
3966
2086
4177
4678
158
6997
7265
4265
3522
3580
4393
3204
7371
525
4832
8013
2173
7982
5583
6191
4498
5092
1024
6620
884
3822
5695
2061
947
7019
1678
6791
7653
5248
4844
1769
5882
2899
1331
6580
3290
6741
1457
3754
809
8123
3353
6219
1668
5065
7880
1582
518
6346
7764
1990
7950
4372
4184
4399
2066
7028
6377
313
5816
513
2696
2768
7854
7927
674
5413
7177
687
5335
4880
2485
7708
6473
1234
3604
5377
7332
5746
4005
2428
7303
5200
4215
847
3012
4461
3648
3041
1757
8032
4762
1076
5845
2017
6461
2693
6293
5820
6976
2982
4153
2199
2086
3403
3542
3164
435
5661
7672
2758
6398
3584
7513
3819
392
1899
3755
5392
5794
7586
3458
6403
5065
677
3355
383
6515
7261
3010
5278
6664
324
47
4417
3085
648
7640
7789
2428
2497
2619
1105
2502
4653
1229
7777
7306
3389
6085
3886
5480
1071
25
3463
4392
4721
6987
6818
3436
3479
3656
7631
6624
2980
6175
150
6270
7030
6142
1963
3576
6999
342
7651
3742
5832
6739
986
6075
2038
4764
1673
6008
4395
4592
5758
5437
5095
7238
7108
1562
7300
6741
515
1703
2248
1288
3168
2809
7014
7943
4148
7013
1144
1930
5303
4800
4671
6398
748
2440
3337
8080
710
1380
130
1856
527
5866
7831
1284
79
3392
6762
4892
7609
7627
8088
7643
3687
7454
1494
5463
4938
2574
6246
7399
6388
5428
33
48
1007
7055
6346
2732
6951
1512
6748
850
2793
6042
843
3223
6422
6467
2732
3459
5372
4478
2028
1451
1694
1494
2075
6940
3363
2207
7838
3097
3688
2775
318
5586
7771
2534
5131
5149
3877
7335
4644
6157
7174
4129
2218
4355
258
6070
6489
6778
3057
4137
6398
2030
4909
288
4578
1988
3377
656
4453
7796
8012
5350
1842
6957
3972
3242
4033
4979
6614
7585
2720
4282
7904
3997
6339
6635
4686
4649
2527
4277
5843
953
1795
5044
3730
1707
8180
5751
1185
835
7069
3865
6539
8150
6892
5802
1316
6484
5105
1783
3854
7687
1797
8046
7439
128
6921
1296
2464
7582
909
2264
2624
5973
1375
6523
7441
5086
5238
937
3846
2483
6201
3703
4257
4689
7966
3039
369
1632
141
1531
3395
4628
5696
6481
5802
5128
1266
6703
2843
4369
1015
5604
7355
4628
237
758
2344
3329
2963
1288
1466
2161
4471
2323
1684
5774
2089
1108
7444
4947
7285
5375
2554
2956
6193
5172
1879
5034
5535
1030
6324
3248
6105
1623
2335
2313
2964
4768
5977
7371
7786
4475
2193
446
4329
2770
1644
4329
175
5039
703
7409
6948
3486
2693
7925
3299
7255
2177
465
5586
403
4976
1459
7665
2577
4802
4143
4467
742
8043
445
6302
1943
2476
8040
7043
6528
4167
2408
7302
633
4676
5978
426
2953
7941
3806
2447
351
1049
2054
2846
6912
7465
1843
2002
1526
2656
2127
3509
5454
1518
4562
4400
3561
7316
5828
5588
921
102
7248
1663
5582
6489
4387
7515
7669
5130
5603
6240
3855
5181
6363
3180
7588
7952
3985
3261
1702
6619
6243
1493
5797
4379
6200
6169
5049
1639
7863
4872
1613
1776
3003
7500
168
4636
1211
4185
2366
1370
5986
6032
6288
3650
1403
6180
4405
1791
384
4489
385
1242
4433
2172
4395
7851
3239
3258
3957
6015
4199
695
5903
4916
1838
3279
1527
4057
3365
3327
537
2573
802
8013
7370
71
1205
5379
5827
6831
30
4313
6795
5666
6037
6088
1950
6346
2979
7209
5881
5093
7652
4933
2440
1140
3486
271
4648
4460
975
5363
5113
2572
703
6450
431
7454
1662
3044
1286
2534
5840
7426
2468
1662
6329
6132
2798
905
865
1103
4827
2864
5348
4141
5474
5015
147
7431
5823
1439
25
5855
7642
1854
3828
7451
1167
2614
7504
3155
7837
2508
3284
8094
1837
2591
6828
278
3929
5472
5437
4066
396
355
2224
4999
1465
4635
5117
7840
4957
5725
7784
3255
7651
1738
3724
5063
5704
2494
663
3671
7089
571
8031
2817
3226
6473
5201
4290
1097
3278
1449
189
2855
2854
2733
7550
4691
6713
2120
5353
118
5144
7964
729
300
7504
4562
7731
3922
2824
6360
3332
721
4554
814
1177
68
1233
6466
6651
6505
1664
7968
5080
2651
5517
688
299
8007
5238
4690
6169
5283
2215
481
2191
7869
5289
4611
3826
4514
881
5278
5825
3705
4596
5070
6636
3959
8155
1615
983
599
4046
1002
8123
4648
3546
5326
6931
2459
4275
3383
1
3862
4873
2554
5935
107
1010
4417
3853
2450
4283
4928
2587
7915
1131
4428
7035
4727
1457
5186
5377
3957
5716
3165
7164
2783
8107
7844
2410
1930
826
2718
2983
1320
3277
461
1424
6800
203
5607
5826
4049
3960
3642
5600
7546
5636
130
7984
8055
5057
2065
1006
867
7234
7822
4587
7177
7013
3749
977
6867
2844
7526
3650
5025
2905
1111
2062
4067
1045
53
2501
1154
2728
7522
1767
5950
7708
2672
7897
3667
1661
771
7058
6167
5251
2237
6679
2473
479
6763
3052
5575
4543
7411
2640
1789
3081
172
6534
6691
6822
162
2924
270
6775
4610
1026
2845
3211
2966
5839
6414
7961
7350
1146
448
2159
5818
3288
587
8140
3252
1477
8134
4684
8009
7460
7353
7214
2950
7091
642
1621
5479
7315
5785
1315
6178
367
5336
2116
5946
6328
2724
1613
3352
6294
430
6632
7392
7543
8068
2603
16
4555
2103
3685
8072
1705
4483
6084
5595
3192
7536
3549
7945
8049
2874
6708
5841
3616
350
3045
2804
5775
825
3460
272
8178
6539
3858
2647
5331
698
3416
4176
5092
24
1833
2765
4006
1406
6805
1456
4729
4650
5990
1389
2199
1727
6038
2409
3744
7443
5575
3401
3807
2606
6076
5732
5080
6523
8160
6411
1088
3841
7933
6232
5774
7986
7147
1117
1539
7579
5982
4358
8076
3785
5173
810
1627
7507
3942
6011
4496
3286
3937
7155
1197
5945
6038
6724
6665
226
4747
5248
673
763
6963
1215
5660
5742
2303
7681
2132
4399
4213
2853
5066
764
7305
3457
316
5610
3958
5765
6132
5763
4851
815
3111
3280
4144
1495
6756
5791
27
3761
2735
4810
786
2034
3437
6432
3592
7
2198
1276
6979
5037
6459
752
7826
6886
5855
4529
7014
8089
4526
6070
8137
673
4509
1030
3736
1936
4695
962
2673
7105
8095
8026
1317
3923
1640
6765
8170
4988
3700
7838
4772
6349
7721
5733
5528
4714
1208
6867
602
5945
3079
3878
4880
3432
3395
8108
4231
3613
4057
7228
654
1702
4581
7018
7633
7506
989
4521
4315
7995
7228
7830
1844
4224
5950
6234
6781
5245
7826
4142
5860
2393
3691
2893
2001
6668
5543
8062
6178
1695
7831
1152
7058
7663
1012
8163
7056
5750
5410
2019
3407
1280
5057
2677
421
1516
341
2099
6217
7084
1933
5645
4074
2865
371
137
6239
6112
5297
4024
5959
755
5871
2983
4147
5758
677
3877
6090
3351
2293
3389
3212
1802
7394
6133
5054
2282
2108
7804
4720
2681
152
3680
7324
7896
5904
427
8038
4666
1138
654
2276
6708
6608
413
2503
1245
5796
7172
3339
5524
184
7530
6841
4335
570
2893
1761
1
2412
4505
2530
7960
6473
889
7380
4823
6580
4589
1727
272
2864
1521
6256
2244
2902
5589
7531
5478
697
4206
2410
4436
6684
7211
2683
3351
14
219
5178
1985
7904
2603
865
2945
98
4983
1293
6730
2832
7235
4450
5011
4443
3707
6033
2564
4080
7779
7856
7481
5072
2982
3135
6536
4910
6137
770
6030
5073
3538
6028
765
7159
4518
553
4698
6158
99
2590
3461
946
5249
5300
1831
6786
3706
7441
3469
5051
563
1304
3646
1051
3957
368
7106
1660
3012
382
5824
4660
4084
6628
2179
5953
5486
5443
1308
4156
6295
2579
181
2118
5053
7673
1867
3923
1643
1369
3781
6427
4479
2879
4793
5749
1110
2990
3243
2069
4531
3886
3061
6799
2914
2075
3372
4257
1922
4702
2771
4895
1104
319
3424
3159
6616
688
5082
6332
4088
4304
5507
4092
2007
7513
5512
7952
2908
699
7934
3610
6698
6200
6843
5506
6206
1423
1362
4606
6908
2623
1806
3389
234
7887
7127
5749
6409
3490
3230
299
7176
7206
3051
695
2068
359
825
111
5416
1742
7903
3433
3352
1872
7422
6317
5676
2445
3916
7388
6163
3389
1244
8174
8183
4535
3728
7758
3210
2829
3927
6397
1368
2100
5507
3979
7532
5408
4750
7392
3851
7188
5144
4290
418
4354
6674
7587
5194
1949
7524
7807
3870
1630
6884
4122
3958
2458
2938
7939
6699
332
92
7070
736
4548
8074
1474
6489
219
4777
1553
7059
7986
1435
3015
1853
3810
7362
2219
2937
3904
5130
5283
4984
315
4376
1253
5058
150
3467
7173
1550
4849
5656
2495
5436
4321
5995
2091
5852
671
7032
6231
816
1058
2569
1139
1669
7372
4679
6912
4763
7545
5983
5435
6175
4180
6163
6401
1337
5259
4627
4605
5448
6917
4440
7155
5588
39
3492
381
7302
5891
7372
634
1084
1229
1063
1149
1159
2809
4284
4789
3939
1569
6888
3300
8078
5730
4217
1300
2404
5858
6641
5248
1692
4356
6582
7832
1732
6660
1289
6954
3994
4820
829
3747
6693
5675
2590
585
3878
3778
7269
7077
555
981
125
2251
2223
1400
220
3819
1314
7821
5486
8182
4069
4055
22
1906
3721
6730
1560
6514
8091
3223
5737
6663
3942
5925
6935
1983
2340
2099
879
6745
6209
5122
4804
8127
6355
566
5565
6713
2350
7664
1260
1307
6423
6637
3405
3980
628
2374
7146
4571
930
5121
2376
8072
5565
4436
5303
6802
529
6670
2625
5564
51
6720
6292
757
6034
6839
2499
2020
3836
7422
1289
8093
7382
583
7682
8127
7244
4559
1829
8008
3367
6533
5179
1641
1227
3504
7828
2758
6713
5943
5417
5494
4464
349
6810
8176
1704
3152
3869
6212
7087
6990
7366
4004
4170
6750
2973
4571
1732
2853
4615
2963
7211
7679
2351
32
2580
6841
8148
358
6829
1141
1660
6525
2241
4425
307
7848
1761
6487
3191
1768
1379
4320
2194
4520
8186
417
7151
4972
1550
44
1964
6381
1261
1597
7108
317
5324
2108
4842
5649
5421
7185
4866
792
6279
3165
736
5546
1231
13
1588
5735
7116
7662
2368
3365
217
2118
1372
3240
8187
6755
7448
423
8178
2894
1082
3199
5671
5172
4778
5834
4248
7944
567
5011
5255
4682
4262
8053
6266
6467
1378
508
671
2562
656
516
1429
1866
2623
286
4342
871
7129
4383
2272
6225
1397
2095
612
3001
2276
5251
1616
5049
1075
1445
6031
4840
5922
4711
5071
4049
1257
4840
41
1263
4699
1083
7435
4343
6104
2513
4786
4532
1062
7566
2642
4462
6801
719
1385
4358
1380
5347
677
5872
1621
4608
5677
4606
850
1890
3046
7741
2738
7626
6070
3000
3807
5300
7901
467
837
5454
2126
7047
8190
4569
2802
620
1168
410
3660
1082
7954
3795
7263
5222
6371
1512
4701
6309
3434
6664
7968
1825
2580
4962
6440
1664
1193
2485
3340
4514
5606
7010
6056
5880
3221
3307
1484
6602
7846
6491
3901
5388
5273
3524
7562
8133
3415
604
4877
4202
5991
6644
7647
3406
2495
6513
5252
7601
5008
3753
3089
7118
7813
7848
7696
1804
875
4804
762
3404
1906
803
3395
1576
3246
2239
7539
3811
5982
5818
1017
4508
7504
383
8077
7870
7487
6437
1554
7813
5982
8102
6329
7511
1019
4597
8104
1978
4848
3799
5152
1596
8093
6982
4654
5575
2331
3023
3220
3990
2362
4262
4070
833
4325
844
504
3422
2119
6452
6781
7728
5721
5943
189
4277
791
3281
2518
631
8052
2402
6258
5185
1398
6861
4516
3132
541
4094
5873
2635
1038
2875
3850
678
7714
7253
1997
6059
7096
314
7261
6161
886
470
4054
2663
4830
560
4789
137
7099
2135
4419
4765
5701
3591
4913
2760
2814
783
7440
3881
1999
1214
3437
7442
5347
5003
820
4318
5995
1082
662
806
1026
4235
4976
1786
7873
6889
4669
6707
4486
4818
6086
7371
4663
7014
100
3955
6981
5785
1040
7949
3867
4696
6862
6431
612
6243
108
958
6005
7432
5596
2245
1654
7938
2139
346
6773
7695
1184
3355
4256
6572
3094
4662
6284
1496
7621
3239
6997
12
7560
1253
2831
61
7888
3192
5225
5524
1589
1827
8057
6364
24
3789
2794
6386
4581
3605
3166
4726
1998
5660
3192
3209
2316
7748
4648
1148
4079
76
5277
6159
6906
4224
6222
4613
6050
2367
2050
1876
4230
7925
5369
5000
4837
5441
5435
1877
820
4045
658
8108
4105
2310
5577
7932
2081
5996
2658
7541
7864
6667
5165
1279
3605
6406
7397
7015
4964
5304
5539
84
1073
5832
6720
5250
5659
7503
6898
519
6823
4726
174
4704
6022
8174
7386
7770
147
4885
7991
4898
781
598
1268
7443
4392
877
5355
5723
7741
2452
7249
4870
3098
6430
1933
3184
4324
6523
5669
7648
7917
5136
5846
6670
7280
4498
2345
6548
5634
2921
7812
1809
458
6172
7081
5784
3275
992
3147
2294
398
3235
632
6188
7523
7603
3311
6085
2297
1757
7407
5316
893
5629
5739
6771
5472
2308
203
3298
3751
5047
3248
6877
374
3342
6980
4759
6860
6043
1560
5370
4449
3384
5181
5477
484
8019
7226
7971
6213
5995
610
6785
6619
5671
2316
965
7770
609
6255
3274
4910
7564
3154
5858
6331
5118
5184
4130
5477
1882
146
5016
2303
6561
1827
3800
2555
2977
658
4559
5333
869
7151
4579
7387
6677
3636
2098
2006
6354
7377
4561
7894
5366
6847
6101
652
8122
587
8157
1920
726
6239
4339
1336
4079
3996
1604
2168
2226
523
2458
693
6843
2280
2986
1735
1044
5647
3460
3045
7219
7048
2390
5646
5229
536
4989
4027
1477
6018
4395
7549
4178
569
3278
5038
2224
2177
3880
8136
2979
3364
3795
4455
337
5764
2556
2936
8121
2428
2357
4409
423
2890
6820
5426
7182
2769
1687
2348
4485
530
4074
2142
1999
1195
7691
1139
2797
7459
3840
5596
5276
3837
6001
439
7154
8178
7548
235
7962
2834
2259
2607
7204
4316
6242
2503
6597
7120
3714
4379
8021
3501
777
5946
446
4382
4514
8008
334
4947
348
3105
7119
4328
3537
4916
4927
5959
6520
2044
7035
4842
4573
6535
6197
5398
5897
2745
2527
7131
5953
982
4308
2939
3397
7811
1720
179
5965
6332
2039
1527
1861
2563
6880
4909
2263
7554
6135
3816
969
4855
2773
6094
1778
2386
7193
4518
3186
2794
5636
887
6889
5831
2533
7841
4722
2435
6071
4433
6863
6013
375
2892
6648
203
5471
1922
1668
909
4450
8055
5055
1608
3594
839
7859
1828
5195
2589
4042
7785
1525
5997
5267
8127
6970
1343
5071
7888
3495
1846
6658
6921
5475
2733
1521
3768
1026
5074
7823
3862
7761
8072
943
5395
5523
1119
8031
7107
6210
3203
4548
3893
5356
1913
7950
5809
6293
3014
4932
826
3655
6867
1542
2883
5532
5915
1741
6296
1657
19
4397
2669
7211
4923
6548
4971
5504
7118
2305
7185
5282
3432
7442
6485
1803
7970
3319
3528
8186
3509
2616
3900
6227
112
5473
7777
2624
6074
7640
1691
6821
3772
1311
534
378
2592
6500
62
3743
689
5288
7548
950
1275
7699
2316
5764
1473
8139
2001
1930
6705
5318
5374
5665
6244
1871
3630
7189
1641
3409
7938
5246
1256
4876
3697
1136
1178
939
330
1063
8007
1368
5601
7558
1105
1357
447
5915
3878
6979
993
5744
5323
3527
2978
1445
4795
4719
2572
4925
465
4866
1963
7997
3536
7187
2132
640
3356
4452
4380
4690
7849
7582
6904
2637
2055
3383
6224
3855
678
6686
5106
7164
617
5204
5093
6829
2135
7180
9
3874
4302
152
582
6698
369
3545
503
6071
6444
4320
6971
6434
1680
2708
5702
4582
7867
2726
7485
7999
4175
5269
8096
7591
1637
4797
2886
2031
2652
1820
3722
2970
6045
7356
5635
5880
7650
5597
1622
27
615
6929
6792
593
7153
1090
6807
7060
7458
3501
3190
3135
6382
2780
1165
987
6627
6137
1352
1679
7942
7320
4518
2996
7972
1352
1240
2916
7482
5865
7336
949
6936
1547
5123
374
7879
1185
7948
2581
5894
735
5852
7684
572
4258
4345
8152
4185
4366
6933
7112
5425
6642
2335
1635
6718
3077
4247
4455
961
6033
2565
4597
1018
2681
3787
6359
6346
3231
8030
2773
6632
90
4825
5833
1142
2103
7871
6446
2672
4247
2839
1863
3956
5867
1648
180
5743
4252
1118
3938
1035
4079
2721
3922
3743
1179
7462
1489
8175
5714
2619
7299
4084
1221
5052
1209
6261
212
7696
3112
2192
8030
1413
502
2150
4830
6712
4081
7102
1135
8028
4514
1476
6934
3311
1536
224
1127
6220
6275
3368
2042
7506
5146
3559
2162
6950
6110
3558
6138
4863
62
5544
699
3789
6069
2839
2802
397
6839
4579
7576
3708
3506
5120
4221
3695
4511
2456
1045
5378
7304
3818
4313
3743
7698
2460
5793
3400
4258
3679
2363
7555
6884
1383
2922
1358
2455
6710
2188
6055
957
3220
4923
907
361
6127
6380
3937
5983
4080
3312
7244
4816
2116
1961
4702
8009
7099
6915
7705
1480
5505
6547
7678
4697
6100
4428
1841
7037
6904
472
977
7695
976
7842
7986
3076
2171
1786
7342
5785
2291
2134
242
6639
779
3106
5909
4452
7096
7489
3501
7512
231
4548
114
6257
831
3877
4398
3632
7808
6693
7866
292
2916
1684
1520
2051
7547
2234
835
6831
3705
3488
1504
7208
7840
5053
4794
6592
4108
7629
5332
1508
7653
6585
6544
3630
5406
5313
5222
1087
4769
674
6752
1276
7921
3350
2083
7550
4553
3229
6174
2580
7176
32
5961
3129
2492
5921
3740
4247
6461
3788
6765
1505
2298
2865
2613
2242
1686
3424
4899
8017
7202
811
1443
3348
4994
712
3102
7959
2974
927
211
5791
3098
404
4224
1074
720
7361
7349
1928
1455
1762
2030
2142
7052
5503
7699
1125
2868
1118
2885
6020
233
4828
6039
5164
6566
3737
7061
2430
5145
1543
169
687
2314
2422
6245
933
5777
6572
5985
6262
2039
7844
2317
3147
3592
6012
7391
7665
6723
3329
2126
1035
5364
6947
8161
4218
7726
6054
4326
6092
1869
82
4008
8165
6646
2745
68
4666
5987
7804
1335
4762
2125
2471
6172
6392
7176
4547
1910
1978
4543
5765
260
4692
766
1622
3391
5391
2807
2891
4868
7904
5817
1199
2596
468
4814
340
7464
4929
6258
178
1346
3920
4669
3675
5709
2949
3790
4488
6087
5596
4238
7569
2036
3681
6306
1915
830
2438
253
6598
3822
5248
5802
1919
6580
1392
2199
2613
2215
684
3445
6948
2153
6885
6839
3957
7402
8154
5945
2683
3457
1968
3245
7873
3604
3052
2538
3348
271
6577
6176
6132
1890
7497
4098
4915
6998
563
4075
6854
7440
5993
7641
202
7105
1837
1940
5928
190
4608
3245
6196
2965
672
4775
6985
6324
478
7270
163
6826
6600
7151
2309
1010
4839
2257
7941
8051
669
1180
1956
5014
2040
7051
6922
5209
3919
6436
6707
2584
4773
496
5198
6144
3121
2923
6608
1062
5383
3286
2188
5806
2611
4801
1408
2909
7325
4843
2049
7612
7545
730
3419
4269
6543
3440
5015
5387
1386
842
3448
6301
4817
4829
3162
6689
503
3400
2130
393
5606
5966
3461
2584
1994
7264
5068
7220
4406
5155
4953
1676
177
6456
1636
1176
3242
7602
6720
7916
7021
7636
3169
4603
3812
4899
3290
3933
4713
6457
4768
45
5534
5814
7219
1390
2012
1067
7837
1277
7055
6810
833
4498
280
3407
4875
3417
8110
3939
855
3059
1364
1254
107
3310
7586
6325
5316
1762
5277
917
4301
1640
5615
2896
3036
3514
1321
900
3911
684
4373
6525
2692
4085
2510
7197
499
6966
5174
4972
7710
2349
771
5202
5131
3782
6723
3479
3581
1612
7144
851
2009
4282
2813
5348
3539
6287
3232
7066
2902
6914
3270
6622
5982
28
1796
2516
6829
4939
5357
322
6488
4017
3843
7687
3307
2607
7683
3602
5535
7006
1181
2066
6762
3656
5639
514
3610
6343
8023
226
5357
160
4098
4059
2184
7068
2664
612
7197
970
338
7981
7723
8
3700
2882
7788
5036
6624
2333
6170
4829
3486
867
2529
2145
2581
7376
4198
7737
3331
1297
1948
446
1171
3442
6973
5010
2832
8191
7023
7185
2554
1437
6745
5926
7286
6555
1008
4723
7226
1033
5742
6019
7894
4452
3735
2029
2455
2643
2827
2860
2481
846
2362
1202
2982
7476
2159
1493
3988
8115
3705
5625
5112
5744
5356
6820
527
3784
5144
538
7301
4398
6448
1053
7051
1053
1270
5941
4652
3903
2346
6647
6998
5621
2394
6033
5337
6657
2222
7649
7044
6090
1591
4316
3045
2971
6703
181
5797
7285
3066
6290
3514
5482
17
7933
4908
1643
3675
321
1108
3124
7053
208
3366
4864
1517
1351
6867
5789
6195
4809
7857
1386
3636
6386
258
1574
3931
7062
3587
6479
1327
5243
5534
2513
701
5008
3922
670
1274
1661
7779
7344
1938
1249
6446
7010
4858
838
6680
4826
1889
4208
7758
752
2319
1671
3877
5487
2755
950
5132
2897
4214
2857
296
4217
4134
1626
7712
5699
5695
5468
998
6252
7303
2276
1455
2044
3519
454
5163
5336
6816
4804
412
7815
5862
95
4374
7152
5837
3582
7585
7922
2410
5124
7023
1928
1110
2872
2609
6027
4539
4241
559
5064
6853
710
3104
8056
2753
7087
6129
3459
980
3894
4587
5256
722
3277
3347
4463
5255
2898
7188
5165
4566
338
3582
1805
3731
2267
6987
5914
3642
6028
6244
4253
7369
1128
3267
5962
1904
6515
795
3463
5910
1420
4750
4680
2780
4775
6875
7076
5961
451
2503
4780
101
2129
6524
6447
1842
3909
5968
4556
3847
1660
6156
5167
6333
2735
2117
6967
3380
5280
7891
5390
3117
1831
1969
15
2257
6439
5456
4829
5912
2168
6834
3004
3706
717
198
6712
3454
3750
4760
2335
4697
3223
1909
7045
5971
5194
7469
5092
4990
2293
4994
2242
2007
3646
3990
5633
7673
4530
3882
3437
6432
268
2530
2072
4871
3844
5347
5475
3815
5249
4655
4297
2890
6032
3583
1892
712
3712
1073
4158
4042
1182
1954
3747
3290
2806
7569
2480
7429
4943
4707
5917
4689
3405
6968
5564
3246
2326
6813
150
4343
1381
5812
7512
7926
3177
4331
7213
1082
5242
4646
4509
6511
2161
7125
6159
5874
3572
2891
7717
3726
81
2241
3237
1582
2314
2078
2605
3761
3175
7192
1617
6497
2690
1178
6659
3577
5684
6938
5710
2580
4473
3353
114
166
151
732
6548
3873
7970
6654
617
6692
4085
1384
8005
4826
3384
838
6528
2844
5360
4066
2721
812
3641
7052
708
3978
3858
3343
4903
5009
999
7535
635
5148
6224
6755
3224
1055
5041
2641
797
5092
6290
6467
3555
4334
2771
7949
6880
23
1414
6949
5434
190
2903
1322
3597
4368
4631
4728
165
5889
1772
4997
4266
4877
1466
6515
3764
1188
3612
2723
5892
2706
1525
4464
1503
6476
5724
1551
7207
2679
7480
7666
1278
798
4421
7673
2912
6628
5536
6669
3780
367
2864
6710
2946
389
5817
5119
2868
2142
6125
5637
6089
425
2854
3635
3979
2026
947
3147
3160
5696
347
8014
4183
492
6370
6496
2151
1248
467
777
2501
7111
4946
3743
7798
82
3503
249
2297
4244
2387
358
2901
1287
7544
992
3526
719
1086
1568
3887
1899
660
6599
6603
4177
3174
4751
7753
2390
7656
4458
2080
7181
6240
1674
4826
2541
5434
2160
7731
623
7531
6473
2362
6885
1639
5867
6717
5670
7220
873
7248
1850
2319
6220
3839
6215
4635
4070
7726
6919
6715
6278
2168
480
6338
1935
6168
4974
2557
3955
4034
780
7224
7116
6535
693
2055
3502
1965
5193
2977
1312
2225
4291
4666
936
6094
6046
4391
617
3841
4709
8177
7766
5856
4673
3941
3545
6631
7599
6699
6396
6216
5704
942
4811
5210
6973
3009
4593
7754
7397
4240
3832
1124
1651
1288
6330
231
5845
7640
6401
2169
7280
3416
386
0
3451
268
4013
955
4492
2050
5173
8036
6752
4715
1594
8124
6315
3033
5076
7871
5413
2833
6362
5765
2935
6394
1014
5919
3347
1093
3312
6100
7457
4850
1899
6645
2903
4428
605
4600
2641
7761
1154
1643
982
5176
5264
8091
95
7667
2038
3522
3640
5518
3780
1310
5302
3667
6449
7882
479
2022
2340
1388
456
901
7960
8054
493
6313
840
8061
4538
2480
4694
4049
1406
5974
6542
2072
4666
2685
3630
1561
3079
2583
6310
681
6496
7318
7638
6282
2182
8106
6582
6777
4654
1879
4889
1855
6469
1844
3266
960
4331
4109
1956
1338
7887
5811
6146
6791
1336
5428
3023
1245
449
233
3937
2789
5960
630
6555
1440
2867
7288
2039
6430
5147
4878
2660
6669
1466
7796
4445
5290
7336
2999
4684
5210
2162
7941
7890
4034
2503
411
3814
343
4434
3576
2036
5824
4553
7328
3648
4479
4804
1296
302
5510
8008
2349
3241
4873
776
4680
5971
7995
1544
4291
4015
6228
2554
5818
5826
381
1383
7018
7300
3693
365
274
5221
3357
5650
3166
4980
3413
7044
1221
2366
8026
3593
7760
4713
887
3500
3298
4479
7764
976
3518
7408
7795
5122
544
3107
5458
3655
3161
3218
7300
3527
4214
7817
18
542
7244
2580
4053
5765
5603
5121
3724
5206
1107
5520
6642
327
4889
5675
1831
2080
5896
4885
2760
393
910
6841
2307
3128
1213
7663
954
5598
5360
3035
1022
8109
5110
3937
2624
37
44
6545
3667
5458
3913
2871
1688
2133
7971
2883
5173
7060
3227
811
3438
5017
6055
7076
1468
822
567
306
4008
3450
4114
880
4678
2584
1093
3286
3231
5162
4551
239
1010
4184
709
7996
5984
7790
4060
3831
4680
4075
3090
6074
6664
2195
4155
7433
4081
3955
6409
2963
4904
7700
3002
2191
6447
5747
266
7457
5076
6744
6809
6653
2400
4553
1086
4997
7885
3027
7484
3361
5584
6237
8161
5256
3916
1323
322
907
7846
5637
1451
2143
5219
4019
7372
4701
190
6053
2543
6010
984
5001
5915
675
4414
5446
5083
6244
3221
3298
1074
7645
1563
529
924
6671
1977
5559
7188
2471
3394
7247
5243
4370
65
7925
3471
6051
4485
7668
7698
1292
405
993
6683
6561
3919
7507
493
7280
3772
4458
1814
7888
7890
5866
2248
2617
3234
1013
6498
2809
8122
7193
2183
1927
7412
6603
6081
7568
5015
2686
3858
2260
2544
2665
4006
5608
2593
2742
1156
6161
3883
357
1449
4677
1377
6554
3712
6232
369
3439
1977
344
4764
274
2701
2385
6622
1623
6304
1474
5509
6186
3454
2232
3330
4581
3481
1334
6288
7421
2066
3984
5079
275
5904
4235
2500
2919
2941
4125
1256
6164
5289
7125
1456
7878
2100
1182
1163
3238
1434
1246
5576
7256
6931
3387
2037
1119
4637
1458
5766
3320
5274
2278
4579
8058
221
3637
253
7775
5990
5014
2937
5733
7610
2999
2352
5776
7970
3815
7826
56
443
7056
420
1695
7401
4519
6045
3009
5747
1569
6361
4969
3734
3751
2803
2671
5043
5146
2098
2362
7504
7371
6574
141
4314
85
8123
3495
6796
2787
6004
7684
7593
3823
2880
6392
4981
682
3810
2120
5444
5464
2089
7914
4640
5007
8100
2347
3468
419
2855
6164
5667
2339
7925
2266
6678
1723
5048
1579
4149
2728
5504
368
7047
4266
6339
2549
5477
5623
5950
1846
5189
3532
5923
1568
3402
4682
2470
3911
7202
3944
7903
8176
2358
5255
6987
5465
1430
4339
1662
3571
4753
6351
5936
2759
6194
3130
2534
6052
3659
4153
1208
1608
1196
7713
1069
3779
709
2872
2192
2764
3912
3820
6348
4973
7270
6960
4027
4800
527
8106
3040
839
4935
6024
7934
5428
1823
6058
7621
4194
357
4764
4558
6969
3345
6498
2593
246
6656
299
5371
2260
6741
362
5621
7017
7599
4105
3575
5777
102
3291
7809
7412
2734
7829
3166
2101
6091
7437
7986
4074
7475
6283
7317
2969
2226
6938
2948
5217
2128
7642
6392
7783
800
3225
6892
75
6375
6468
2019
7948
6583
3101
8011
98
2303
3664
4045
3211
7748
4158
3658
6166
7319
5942
5780
5370
4697
3128
1615
6400
3641
3803
139
8003
6574
2514
2803
3499
5863
1093
5557
2202
3219
3303
6767
5670
7756
1353
6957
2236
6708
4647
3313
473
7442
6310
7519
6337
766
3276
3714
3864
3919
4664
6288
5342
4444
2117
6929
5277
8074
2491
4303
573
7492
8139
2503
1884
7753
6734
2704
7635
2905
7175
3701
1855
5573
1075
1127
7983
6814
6162
3308
3977
5965
7637
5301
7089
3050
2604
5611
958
617
2311
3267
6618
6337
7375
5909
2113
6213
3206
7389
6842
3902
6597
1468
5965
5293
6052
1760
1656
600
888
7014
6352
6172
2500
891
2992
1938
1653
7402
1348
6576
4910
3077
7632
2517
2054
1167
1666
4775
5734
1710
7481
7077
409
4157
6385
5577
5839
4153
1753
3342
6367
708
6185
727
2347
5116
2397
4017
4343
3708
1085
4173
692
5323
2537
1915
6970
1124
1413
2305
5752
3004
7439
920
5122
5620
5542
3022
5077
3008
8138
914
2090
4817
1171
5603
6277
4090
1574
408
5838
1367
902
3556
5119
5306
2568
7919
7847
44
7864
641
1011
3879
3496
3459
1
2936
2586
3563
831
7287
6721
8159
8027
5667
3487
4556
8063
5313
2503
5618
2432
3377
2868
3579
412
3667
6349
1398
7182
4833
4346
5579
5692
2193
1808
2803
26
2707
994
874
6768
5620
3062
4476
3514
1900
3376
5058
7333
2019
284
5673
8130
563
1032
2315
4003
7292
7967
873
1853
4357
1921
7
3251
2404
6284
5112
4129
4105
8087
7892
490
4738
3561
7483
517
231
4055
1690
5767
473
6267
6061
1384
5472
4735
4989
3582
2449
2121
7716
6306
5989
2657
7617
1084
4582
3793
2171
1549
6399
4373
7524
4923
365
177
7988
6095
3636
6080
4833
1767
6901
5696
5738
3507
5007
2761
6017
6697
4245
2081
8134
1538
2995
65
2059
7062
4233
5991
2225
6427
6980
7855
3678
253
4948
4582
1705
7985
3056
8158
1028
4747
457
4999
603
6834
6688
45
2465
6322
2111
1076
2138
7381
5403
5494
1222
5307
3069
1628
7296
4901
670
6262
3294
7629
3280
5242
2657
7006
2339
1918
7092
1820
921
6000
2072
7124
5610
5723
2299
4351
7655
1909
2926
1412
2279
4140
7344
2281
3932
2025
7231
2738
5876
1188
6077
7953
3763
4553
5624
2620
701
3187
1897
1774
3265
716
2964
311
3714
4147
1511
7570
6999
6416
3662
1595
2791
6503
7799
8165
790
1750
6224
5771
5466
5551
398
5110
6967
1599
8170
5511
4643
4715
6244
6389
7361
3119
5081
1665
5798
5363
6232
4652
7307
1978
6211
5575
6975
5278
1086
7855
2059
1250
3652
7003
6805
5543
7140
4735
6291
3268
7344
3380
6175
2444
4134
894
632
5937
4832
1904
6147
5883
555
6115
5068
5356
295
949
3933
5358
2710
5599
1442
5076
1917
8015
3635
6274
5848
1671
5777
959
6976
138
2005
5096
6100
193
7443
5031
6394
1864
6030
3346
4733
4994
1065
3228
759
6598
6162
7983
5556
6423
3170
4587
1645
3612
4471
4507
7839
4112
3466
7892
7260
2597
1105
4394
6266
7198
3768
2464
7385
2852
1442
595
146
2307
6408
3186
3943
4151
4642
4488
6806
2713
5709
6843
3833
6907
2721
5690
1454
6137
7367
2331
1038
450
5718
1018
4573
4771
7596
5477
5959
3765
7220
4382
1495
4170
3993
7556
7708
5394
679
1728
1252
5125
1444
4464
5013
1528
5389
3500
326
7668
5247
4197
5247
6359
4883
2045
3763
3401
1084
6854
3179
2406
2447
7675
5977
2136
802
983
1498
1854
4140
6239
5658
7547
4613
5862
7928
8007
3048
7645
7017
2450
2036
7808
3272
7398
5384
7657
1765
8172
8147
7557
3810
1149
490
6233
2299
2142
3752
5128
966
3182
3697
8065
5372
2168
5512
693
5557
7913
8044
5655
7108
4614
3943
5652
5880
7491
3463
3516
6207
1836
5951
5049
5622
1711
2891
3539
7954
2400
2618
8116
7305
6446
199
4036
2655
1374
1660
1192
5893
5038
1056
7016
6579
1192
2966
7848
5205
7791
528
4523
3121
989
7061
2763
7013
3528
2536
528
4085
3011
5064
5859
2778
5425
1114
1241
2526
7459
5216
2147
381
3605
1974
2567
3076
4947
186
4795
1868
6815
4652
6795
926
5789
1244
5442
6668
1791
4015
750
1560
2048
866
4415
2121
5166
4039
5248
5607
6398
1522
2792
2099
3300
8068
3173
5838
2401
726
921
7418
143
3866
2873
506
247
6450
1581
2386
1265
6877
1089
4297
2628
6183
6657
6752
3159
5231
6580
4613
6279
4862
6217
680
2231
743
7978
3485
7933
3955
8160
1043
6304
1954
3594
5495
4891
6820
882
408
1440
5844
1628
4839
5833
3416
2238
5808
2462
7881
7162
234
2765
319
1638
2545
6638
3663
4364
6926
604
7859
5785
3515
5681
4185
7633
6454
5694
7971
7105
1754
6852
2413
336
5058
5428
4923
7056
7438
6177
5387
1571
4187
4692
2499
5264
1406
5547
5153
6328
1882
5363
699
203
7794
4334
2966
4327
7244
524
6260
5917
1802
967
7387
3953
5629
1673
3031
5901
2528
5423
4603
6862
761
5123
2413
227
5498
2171
5674
3236
3037
5259
5642
3113
2493
5908
5259
4786
5332
810
5681
7757
3
6638
5978
639
4355
2530
7890
3057
7808
136
5857
5492
2518
7177
3046
4630
7862
7625
7158
8191
3408
1843
5704
4460
1745
1419
7505
3508
6334
3137
5637
5132
3275
4865
895
3666
2717
3614
5041
7972
6392
932
6955
4354
1220
7558
4211
4442
639
59
4488
2341
4216
3190
4220
1843
2750
7985
778
496
6060
5277
525
3806
3715
262
5426
291
3744
4545
6064
5466
3094
5806
456
3312
6097
5645
2887
1511
6727
4573
4
1607
757
6523
2059
7389
5817
1916
1617
4172
5859
8131
5512
4853
5485
7433
1325
5389
1383
4051
3117
7635
3604
4610
456
6224
1673
5932
6814
6987
439
3732
3820
6088
7058
7336
2668
3139
7214
3808
4383
4022
4569
8029
7696
2817
6313
1117
6848
6338
3636
5092
634
1627
2969
1321
7395
5601
5032
3303
7193
7004
6288
5287
2405
1710
4304
2901
5600
8082
5135
6380
3295
4909
5050
7797
7033
1063
7524
7380
2189
3589
1452
3987
885
2603
5694
5586
4573
7283
4122
6236
8010
4576
6626
7165
4125
1009
1286
1745
6982
2701
923
337
2286
8047
4036
3997
6976
3218
6325
6801
1881
7655
1861
156
1006
5406
410
3095
5408
561
1603
7688
2915
2113
6016
712
5326
447
5752
2439
6707
8190
7973
1431
2330
5039
6415
14
5722
2269
5656
2673
1709
2219
1443
5255
2971
5926
5002
8144
5778
3415
3773
3120
3983
220
8174
6025
3105
8113
1990
7086
7633
2338
634
3587
3990
3798
5457
1139
7028
1235
4734
6503
386
5902
2659
7644
7276
5550
5129
1394
3732
110
4217
4399
885
955
591
64
4547
4352
4122
4269
3879
5143
1830
6494
2592
1115
7160
4261
5174
4811
3658
5365
167
3905
5258
4772
6068
1923
6433
4926
5795
5097
6420
5945
4006
1669
3102
4701
5864
1515
4699
2691
4156
782
3644
826
2693
7359
7895
2494
7063
7620
6538
1556
2700
3904
3828
5773
1271
3994
4930
4842
7455
6650
6514
6056
6042
551
7331
2922
6185
1951
3952
7039
2222
2592
321
3062
6232
2449
8185
7143
6600
6700
1354
6892
307
6066
1230
2004
5018
2299
4138
2996
583
4178
236
2924
5354
3406
5425
3392
4556
7763
619
537
894
2601
4217
3437
4366
6003
1855
44
7660
3166
7869
5286
63
6386
5385
7401
6612
4624
4891
6375
1693
8138
3705
7106
1663
675
1661
4863
6901
8155
5306
1219
8098
764
7374
7360
4398
1114
2635
3359
2475
2706
836
6025
632
5788
5196
5947
169
4844
701
1769
5219
7825
2909
1648
2227
4773
4194
944
2188
4690
1656
6251
2745
3466
2643
4216
2371
684
3731
839
5288
3117
2863
6049
7249
4200
1136
121
502
7659
3735
2662
8060
2879
1064
6745
1909
7297
5176
3113
4703
3800
6503
4008
3950
4009
1687
6591
5387
1297
4512
5382
1297
3236
1207
2576
6175
5189
6292
5558
6915
7878
2747
7249
819
6968
1298
6869
7330
5956
4230
7283
7400
4593
7131
7514
539
4212
5200
591
6045
5544
2151
8191
5086
6815
999
104
5316
3126
5326
278
4970
7249
1278
2897
7005
2336
1628
5270
7757
620
4394
5101
4429
5940
398
5847
5936
6965
5683
1614
2271
3515
72
5780
2508
1782
4500
6458
2796
6564
577
1059
7727
4193
6164
1472
6592
6856
1291
4760
1247
4800
7800
1824
1891
7390
700
5300
4808
1653
7724
7750
3116
553
4206
565
4808
3229
1836
2254
1401
7219
5852
3685
2194
3569
5398
2304
1485
3211
6590
7099
2045
7247
6574
119
4778
1416
3394
4989
3646
5477
4788
3256
7694
659
1844
4928
3876
1345
236
5042
6051
4033
136
6900
1630
4562
708
7253
5070
4618
230
3737
5829
3440
6622
4065
618
7100
5243
4659
7339
7056
1354
4177
3204
2539
4890
5834
6153
6510
649
4889
6871
2762
4537
318
7891
4913
2421
6604
6411
1314
5408
158
601
2908
900
952
6858
1853
7467
4980
4063
1824
1713
3475
7986
3703
7008
4266
7906
5833
4235
739
157
6269
6873
86
4342
2615
2370
1745
2727
6051
3992
7888
3807
4053
1482
4942
6307
854
5996
593
2445
965
2513
1453
7589
4533
19
3055
1201
6362
4052
1757
2702
5860
6590
1650
6974
6317
6866
7999
6770
89
1963
4999
1962
4521
2779
6609
6455
2610
176
407
287
5773
7511
7992
2374
5676
7258
3284
8052
7682
3911
6200
4170
6938
2723
6256
678
2166
704
528
5887
2231
3050
4688
2948
7380
1152
6923
5285
108
3459
537
5549
8048
8085
2234
4022
3147
5175
5485
235
1472
6073
4355
7350
2570
7994
7842
7024
5940
2639
4756
7051
7558
5723
1147
207
6959
4223
3147
3375
5645
680
1841
3314
5880
3737
3489
4095
4624
2442
7113
8119
4650
3683
6580
5281
3484
157
7696
492
7037
1735
6254
8172
3237
3738
6722
4229
3394
7491
7868
7206
3404
2909
7555
4761
1976
2152
7115
2434
3576
2160
6243
7388
6758
1721
6356
3352
7501
7530
6370
3024
8150
1129
5342
219
7036
6318
1872
184
7660
7489
4534
4217
1665
6859
2987
6118
7095
3468
1798
4284
3913
1736
6540
5830
7283
5072
3118
1350
8038
4615
3378
4128
847
3724
316
2880
566
6394
4189
1771
3643
2047
3695
755
4152
3419
6368
8098
2543
4490
5744
7260
1203
5771
4036
2960
3113
4396
3781
4575
870
7589
3465
1467
4935
6286
6569
5178
6775
4927
1057
7964
2403
4936
4929
4249
1778
1199
5550
1247
4645
1988
5910
1309
1510
4497
5407
1345
3204
4407
6575
21
2863
5449
4136
7166
6944
3786
6777
2855
2606
4710
2387
7406
8177
782
6707
418
6075
2024
1630
4583
1257
7906
7644
1355
5611
5987
4467
6908
3046
2458
707
71
6197
4659
4813
3397
61
2024
267
219
3694
4249
8054
7850
6984
2612
3273
3338
354
2975
5962
637
5782
6155
1821
1981
5729
3182
8060
1610
279
6570
187
5607
7145
6305
2344
2259
2229
4731
6806
7320
2898
3011
5801
6432
2872
5885
741
2749
2175
6888
4125
1551
2340
4816
6306
8023
1996
1879
6006
5493
3548
1592
491
3910
5681
417
6829
2643
589
3198
4108
7997
5245
5775
3750
3347
20
1590
4235
607
4854
2636
546
6852
4597
2405
6680
92
2790
7408
4405
128
7812
3453
3961
391
2246
4915
1774
4798
6788
2394
5566
2462
7572
3935
2889
8023
5673
7634
3843
3892
7681
4914
3813
4771
6598
3579
4137
8014
7999
2418
4409
2991
5735
5908
5686
534
5890
2987
910
1440
2420
374
7436
1647
687
3655
7982
1240
3431
4944
4082
3858
6041
3581
7222
7279
4938
3817
5265
4004
19
7682
2449
1210
7494
2109
7589
4401
6225
1531
1051
1827
2243
2354
3833
3567
3743
3161
2124
5115
7007
1105
7299
1359
319
5006
4698
7579
6515
1677
7073
6865
4616
3135
5326
4579
753
214
5268
164
2093
7197
7660
2089
7419
2109
5823
1276
6732
690
880
3038
1765
6728
5787
1610
706
7541
1990
7161
1937
3215
1817
8117
5006
4954
3559
765
4689
6336
7484
6399
2966
2069
5513
2860
2119
6339
5066
7667
5468
641
5411
7751
5218
5517
465
6292
5797
3401
1845
1525
3720
6604
5124
6777
2298
1379
3142
6287
2163
8083
4078
5775
756
447
3001
3502
388
1521
6909
6584
3871
51
5475
5992
7956
6010
4149
4676
7493
2935
2544
5619
8030
5367
4229
6177
4281
6064
4548
5791
387
1661
4219
2089
5919
3091
3198
2231
1029
4319
5039
4518
2777
6133
1868
2246
7116
6856
1236
244
1215
4896
7155
4559
1309
2242
4448
4243
7931
324
5276
83
5698
7041
2387
2406
1720
3923
6246
622
2602
5094
5806
4597
3452
7739
1465
7557
1106
555
6572
878
6206
6629
639
3820
627
5846
5080
6192
916
6546
4869
5124
6059
3819
2387
1859
5017
6252
4104
430
3662
4893
5643
2727
8185
4351
1241
5610
3934
3069
3441
2139
871
3506
2329
2209
1597
4886
4739
7812
6674
2280
5210
7615
7121
8106
97
2765
6373
3215
4965
5254
11
1523
4676
6135
2071
6879
2336
3128
355
5050
5357
2269
1930
7043
1463
3575
7398
485
1508
3440
1847
4301
4267
4067
2722
3656
1788
3363
1288
4976
3171
7885
6189
4717
7521
6708
6108
2131
2510
2285
6096
7359
7198
3565
27
6535
5790
2451
3955
2843
7823
149
7924
6943
598
6272
7005
8088
3434
1353
2648
304
1116
7646
5948
7903
618
1208
1912
6249
1280
206
7062
7062
1375
2508
2157
1514
4919
6982
1031
6719
5419
69
5768
4078
7135
2213
2826
5716
5128
5136
3917
4574
4737
5933
6621
3899
6990
5319
4819
8002
4795
1664
149
7611
3090
2298
6117
6614
376
1830
4242
7943
4056
2584
7722
2452
328
6872
6306
5091
7454
5755
6496
5751
7696
478
1253
5357
4646
1530
7400
5192
7947
7418
983
6425
5486
1767
899
2020
4939
2292
7171
4442
707
6172
7014
4308
4279
507
956
4103
5603
1200
7254
4480
4359
7592
472
2194
7818
1290
7356
2257
6138
942
7968
5575
7331
7196
1208
5979
7052
1609
5309
796
4916
6404
6159
1557
3834
1945
2552
3575
7026
7044
6408
3259
902
6370
3161
1524
3611
901
6542
7247
5023
2776
1711
5292
6051
642
2534
6767
2601
7255
7538
7126
6188
6143
2389
2902
6231
1219
7778
7053
7976
2268
2773
2399
3364
1496
830
4203
4749
3231
3285
4123
4393
7184
2994
1166
7084
6307
7321
2026
3434
3025
757
7174
5808
8108
6093
2073
4872
5706
194
7917
527
6421
7811
7724
3293
5340
8036
3699
2583
3208
7708
1505
2472
4767
3295
2200
4580
4829
5833
991
2780
5897
531
5850
5907
5494
8002
443
1955
5043
6678
2362
13
2310
5075
5285
3467
1803
4888
3950
3954
7014
4363
4155
8055
1626
2932
1046
6068
2605
6292
8130
3859
5956
3434
3581
5638
4705
436
2010
7431
3786
2939
2019
6213
3370
4461
2124
5820
5798
2216
6521
1091
3011
3927
1371
4744
3331
4633
5383
7875
2304
4026
6761
2695
5180
2104
5614
5512
5864
739
7639
8158
3093
1144
2437
6840
6284
1986
6424
4194
2869
7462
4745
6041
635
3712
581
4400
2171
3308
1596
1151
2339
5720
3386
515
1294
2634
6686
967
6721
3562
5106
7757
741
6194
3681
7165
6421
2494
841
3994
7889
1425
107
7133
6992
2390
6114
170
2135
1610
7120
7264
2112
6394
1340
4470
5680
7460
1620
7950
71
4847
6722
5118
4337
6313
7177
773
3584
7862
6315
4529
7166
7135
795
6159
6900
5721
6250
4903
4367
3037
3686
1722
3006
1937
8052
6586
6026
5018
8062
4295
2071
767
6206
2711
6714
5145
475
4145
966
5532
2805
5172
5154
5842
5339
1589
7652
6922
6211
7629
7347
1676
423
8175
1550
7915
3162
6804
5219
5640
2091
5849
1193
486
2167
892
458
3693
1458
6118
36
5291
5810
3480
7203
1546
3687
7624
810
849
3867
8148
4343
3650
7192
6058
620
2011
6805
3042
1589
6210
5699
3486
495
3401
4069
2692
5932
5866
3984
8089
7096
7096
2647
7992
7930
2060
8065
1936
3283
653
6209
742
2504
7541
6729
4723
4346
3251
6712
2271
3562
1985
4579
919
6622
7700
2478
412
1076
6397
5842
2635
5579
1728
7016
1207
3036
4610
3809
2701
6361
6354
4705
602
5357
8113
6017
1623
4830
7791
1793
2255
1427
1076
2599
6249
1416
109
6240
6275
4397
2888
4647
4399
2614
3345
3604
1941
1046
2131
3138
5253
4384
4180
1964
3825
3411
7254
688
6268
5411
5830
3599
838
7663
1741
8065
681
5549
3696
5410
6235
3591
5246
1602
945
3060
601
6129
5096
3979
699
2573
6948
4242
3200
4185
5789
1061
7940
4829
334
6691
1224
2889
6008
617
7541
7806
3975
8012
47
5880
2067
4461
3
7504
1275
8028
5979
4678
3540
2572
1446
7809
205
4993
5014
4951
7735
6405
19
767
6308
1927
7146
5812
6836
3635
448
3844
711
1934
5526
2126
6632
1627
5429
7570
2343
491
4435
6934
2056
973
681
3584
2745
142
4820
5485
7769
5602
3980
396
7951
7007
1299
6340
4736
147
1648
1143
6576
3356
5187
6559
5088
6231
7799
5643
3812
1811
5028
6886
2922
1711
2497
3331
3408
1595
6404
550
5319
6505
3370
6217
27
2879
5184
1695
3227
5317
6495
7069
6981
5996
5965
1159
1979
5167
5621
6297
66
1348
3187
1784
4778
7846
2153
5753
7245
4684
3261
597
5396
2137
8084
4539
174
2143
1992
5228
3266
8145
5738
6901
7182
1492
1165
5398
5276
2010
4818
5520
30
3270
439
5723
2986
558
1714
8173
411
8168
418
1273
6451
6918
2507
2785
5499
2498
2251
858
4242
5732
7501
4835
3352
2923
1183
6051
500
8092
7557
542
4405
4139
5023
4953
66
4805
4439
1446
3458
1941
4833
4618
3021
5902
2772
4998
4916
2839
1155
418
7272
4530
6682
4372
300
2768
4255
4257
1189
7761
5824
5988
6406
670
514
3024
4151
5621
2036
4800
6808
3477
4945
2580
4630
232
1611
6321
2379
2818
6599
6657
4883
76
848
2074
5265
4758
3828
2945
1869
5876
3193
3564
6971
7263
4143
3260
1897
4993
977
3992
3463
6171
3560
7265
7777
898
252
7700
4592
2751
11
6255
7413
6189
6126
7887
2435
2099
6391
6083
8009
3714
3222
7815
4625
5971
3014
4458
2039
4159
7610
7581
4505
7592
6329
5909
1801
6734
6607
5261
2234
3024
2250
5521
7524
827
5156
4627
1717
3251
4887
2008
8134
5842
7265
2330
7884
6756
1594
6431
1739
5151
8003
3233
3957
1704
409
611
7043
2744
7253
3792
6802
6949
5876
2320
7396
7239
5095
2777
2790
4543
1887
4220
2280
1764
4881
2917
6757
3474
5115
12
7847
7785
4450
3272
646
606
638
3517
4974
1450
5619
7936
5621
6941
4411
6153
729
6278
7725
6618
5353
6328
6832
5520
7273
2410
4626
5381
3312
4410
4341
2739
7626
3553
4692
2153
3981
647
3871
2499
6549
1234
5701
1776
6344
7935
4931
4902
1687
2939
4325
5147
7165
1115
417
5809
61
7952
5380
5741
1157
2466
6162
4626
1204
1703
1912
6922
5970
47
1654
3849
1614
1283
7073
4472
2662
486
945
7067
1831
432
2928
7266
6735
7846
6525
7226
6998
422
852
5523
199
4227
4124
5336
6616
7640
274
1504
5684
6872
3379
4763
5763
126
6100
3826
8027
6932
2633
1600
8043
841
3706
1758
4136
4439
1243
6343
6421
1904
2562
8147
2740
337
5964
7585
4750
5383
6103
6037
3994
5782
1922
166
3022
5830
5347
6292
534
2432
271
3358
4220
3199
7716
7567
4967
5309
4189
6475
491
4122
6813
4642
3135
576
4647
3870
5125
3440
2151
7876
4738
4880
5671
6265
2529
7343
4218
4306
2803
7374
1445
2938
4063
2992
8026
5897
4922
5734
1990
1140
7413
6600
617
7698
7307
4863
2204
950
5004
1837
5247
4687
4921
2777
3634
2665
3086
2657
4016
6032
7887
7841
4122
1761
1464
2994
974
5110
1445
6130
5684
189
4992
8113
2242
3169
5126
4335
3172
6281
2336
2045
3343
7580
4727
5643
5062
283
4089
4160
3305
2880
2135
4927
5914
7033
3823
1423
2547
654
8006
4953
3062
853
5251
2813
8011
557
6071
2381
177
5817
7763
4646
6814
3431
4905
766
7358
1628
4225
7432
3176
5107
2362
2206
5275
7001
866
3321
7313
1099
2802
5351
1124
1940
3199
4116
5844
2772
3791
4818
1983
1570
7628
4
4268
6766
4354
7172
652
3549
7161
1908
4363
3552
1159
7342
7269
198
7625
255
3982
4583
7484
4911
5101
39
8136
3416
6653
8022
6444
6536
5371
1747
3610
3680
4760
3388
7748
211
6683
5881
4311
3237
2003
2470
2489
1364
3570
5775
4575
2647
2940
6612
948
2615
2009
1351
3355
7430
1616
3796
1166
6407
3576
6495
379
1005
1649
3178
5284
4832
2924
3779
2055
5292
4740
6520
3894
5759
4016
1175
1139
2344
2155
6785
5037
5313
1710
392
1440
2426
2063
1671
3759
3792
2812
634
8041
2166
6172
1672
3333
1364
277
7017
6617
596
6482
600
3533
7734
3075
2055
4664
6406
3501
8144
6189
3407
2584
3737
2681
5476
1678
4103
3783
5805
4245
2074
2366
3025
3954
2237
1857
7475
348
4300
2900
2657
749
3926
7020
7516
339
4268
2695
4701
3434
2949
5348
153
1525
6338
7245
776
7605
4553
3965
1004
6201
4993
3934
3703
4202
2563
818
339
526
7594
716
6946
4482
4101
2581
5714
2637
6244
953
7784
483
3899
5163
6913
3863
7695
1906
1925
8053
2275
4586
3131
5337
8103
3999
7623
7330
4191
6936
4178
4914
6444
3684
1704
6508
1611
5509
3794
5977
1507
2468
5172
964
260
4499
3627
6231
3561
5939
2155
5464
6839
3998
1029
3641
3525
1890
7776
5653
2911
3776
4236
7621
1669
6391
987
3167
8088
8005
6965
4207
3898
6
3233
7498
5440
446
3181
896
2055
561
6062
1056
5904
4420
3746
6425
5785
3216
6142
966
6069
7728
852
3221
1187
1012
6368
6522
4339
3610
7716
5673
2396
7088
1851
681
6380
2069
2407
1572
1790
5756
1171
757
2345
6886
2518
8165
2088
7666
4466
6104
6702
6552
1150
6788
7956
3164
2826
3602
7409
5052
1452
4506
7106
3915
266
987
2062
6405
4757
123
2882
6845
2137
4186
4666
357
3170
7748
4906
1275
7221
6363
3869
382
7793
4410
7232
4782
1367
5884
7506
4863
4651
2293
6142
6637
238
5554
7581
4241
4798
6257
5102
214
1761
2857
615
6756
1143
520
6733
1807
6929
4451
1849
8184
3166
1204
6910
8093
1536
2156
2511
6202
3628
6518
372
7542
6433
6954
5599
4519
7505
7386
1850
1577
3069
3467
6066
2974
3151
3033
4188
5353
3087
6005
4508
2462
2300
708
1532
1859
5293
2618
2608
1316
1391
6706
1807
5061
3051
6385
2262
6294
1434
6372
2139
63
3928
3847
5830
3284
2235
4153
665
2216
2188
6190
1448
1417
600
7198
6012
4840
6355
4724
7586
5521
7749
1654
3484
3005
5448
1115
6239
4898
6129
1719
6231
2003
899
5761
990
6724
5384
6386
5219
7113
5670
4198
5057
1156
8172
5134
2186
1589
3927
4166
281
3344
1963
6915
6097
3647
7183
3975
146
2361
970
67
4805
1566
3003
945
7629
7971
4210
7447
6788
2071
4742
458
3811
6990
1690
7365
3264
7882
2775
1980
1167
1776
7100
7650
5425
2521
5869
586
2009
1198
5843
1799
3979
5195
8019
196
456
5556
7930
6182
6042
2443
7484
5118
2132
3699
6559
7093
5923
8110
7337
3496
2247
621
3116
1148
88
4543
7856
4499
1566
5346
7620
7960
6984
1279
5303
5212
4661
7286
4034
4079
7148
7092
3906
3985
627
890
26
3307
597
6637
5633
6163
5752
6481
67
4866
1868
1617
6957
4148
1661
3549
7277
8175
7486
73
6532
7644
44
6761
4432
1533
8127
7344
1709
7029
3722
5802
3317
4320
5213
6493
5040
2078
4466
3154
6477
4301
5527
83
5144
3898
7657
5730
333
3374
326
1097
1074
6316
7260
5672
4027
2471
1859
566
4227
521
2922
3302
1381
1119
4693
3156
4558
4288
4451
2409
6575
7134
6423
5900
929
2143
796
7087
3821
6167
7187
4914
1114
2746
7079
7699
3079
8078
4217
190
3501
3732
7886
1836
2245
3757
663
7476
8016
4204
7001
6461
7497
7158
258
220
6302
5328
422
6610
2457
1727
5942
3960
5261
701
5632
3247
1696
5050
314
7318
6884
4066
6228
5835
7779
1937
3247
4225
2383
5574
292
514
5189
4946
7092
2060
2254
4000
3183
4292
6756
2779
5827
1591
1387
7694
4279
2666
5476
3003
4060
7809
1185
68
3255
4686
1555
4354
7944
3434
967
3447
5514
8053
112
4950
3213
5673
6139
1874
3582
7007
391
5754
6680
4761
1188
3687
6456
7665
3429
1648
2101
3648
4476
184
943
7293
1129
1010
5464
2874
3668
5496
5433
4783
7219
7848
7774
4187
4021
980
6596
669
1228
6622
2660
46
5905
6408
6536
3056
4324
5941
1106
4387
371
4716
4723
2532
6033
825
5774
7221
2950
757
4336
1111
3612
3280
1521
5441
3732
5966
161
368
1605
5552
6460
7903
7254
3324
7516
2834
764
1062
7198
7835
7245
2327
7114
5583
2780
7833
7854
2554
3704
5969
3457
5568
558
755
5062
3290
5603
395
6687
4470
3305
2601
895
783
495
1121
1092
7508
3553
116
2934
3023
5176
7130
3639
3241
4319
5279
1580
844
1214
2336
3707
8163
6744
5903
2572
3068
4167
7934
471
1007
2264
7910
3151
7476
113
4508
5070
6008
7394
6834
995
6088
3228
188
5444
7256
3364
3986
4958
2149
2894
4862
721
795
2738
139
2724
6595
574
2280
5287
7859
2343
7335
5232
6269
3508
5094
7220
4036
6311
678
1686
4525
5334
4042
3674
3940
6285
6656
3673
800
1596
8072
5488
708
3797
4954
4662
6173
2170
6740
1817
3660
3423
2682
2021
1262
2940
4795
2946
7469
3554
778
5398
3934
2967
7418
5784
8016
5427
2595
4614
1451
354
8087
2597
1662
5436
1031
3110
3048
4742
3642
3148
4326
3129
2155
70
6079
6127
7543
1386
3077
5533
4013
4183
7391
5001
6391
5120
3326
7183
8131
1072
7612
2037
5184
7678
4562
4921
4548
7162
6828
2211
3982
6110
2423
3592
8115
5047
1172
3909
8109
4761
4044
116
6714
7697
3425
1056
6185
6441
190
6405
6410
2638
5801
4245
6626
6531
4889
1588
5143
4977
7520
6444
4285
6441
2524
7340
6234
2160
6757
8107
2507
5848
7266
2544
3436
1448
3591
2458
4047
4334
3249
4733
4499
3824
5869
6795
7877
7431
271
7137
7484
1286
7777
3887
657
8173
1778
1145
3867
5686
2380
6119
5767
6609
2814
2393
4424
6776
3508
2345
4496
2518
1175
4434
4574
3165
6209
4473
5022
656
6166
4812
4984
1524
1197
1115
7424
5914
7375
2373
6665
6798
2371
1874
5060
6803
527
2648
4922
7931
4308
6487
2126
11
433
8170
2557
5484
4077
5956
2615
3325
3535
4222
7587
269
193
2261
4642
7839
3926
8133
3344
1207
6709
6549
4861
3042
1396
2230
5451
1133
6629
6229
1004
3855
1003
5327
2580
6188
7012
1814
6752
7296
7646
7154
3897
2873
5316
3840
2418
5182
5348
1992
1033
3401
1874
825
3914
476
293
7497
1370
265
6886
295
1263
3863
2500
645
4191
6072
4588
95
7831
4869
7488
1606
6158
1083
1480
3307
1913
2031
4130
2090
1782
89
2920
2139
7179
5937
1693
2570
4901
2659
8064
2262
215
2274
958
2400
1363
1399
6760
3581
3922
3505
3871
3847
2616
6
2383
2420
4103
451
6071
5408
1812
7373
6623
1595
5702
2010
7628
5532
1316
7669
6552
3707
4766
5061
814
4695
7796
8044
5894
2006
6658
1088
5331
7519
6821
2837
1301
1314
1896
523
4615
1100
7052
5092
2277
4492
4350
3946
3493
7062
1510
6140
7248
1135
7719
2902
416
7805
3487
4618
773
5892
4714
5559
6666
4377
3588
7253
7649
3109
2099
1593
3788
4419
1171
4968
5952
2725
2449
4207
1052
1756
361
1082
650
2076
2322
1353
4156
2525
3509
1715
7828
2700
3709
4649
5318
1810
1208
2926
6411
2291
2094
4141
4432
4421
5181
2050
2088
7003
586
2045
3631
248
2799
5307
4844
5800
1140
2981
2729
1362
7922
2327
727
5232
2940
5504
4826
7242
962
1128
586
1199
4548
5300
7307
6747
4371
2882
6639
29
352
7935
7748
6940
2567
7871
5894
4804
5301
4819
1448
5151
3025
583
5271
6533
3212
6051
2120
170
7672
7782
973
3493
7913
6101
6783
807
1856
3575
4707
2706
6172
7631
4206
1158
4511
5211
5626
5307
3294
3760
7115
5206
7133
1191
5862
7889
7602
2768
6434
3006
3079
6664
5491
1770
4632
1636
2520
4969
5853
6088
5192
6922
4973
3660
4643
3172
1743
3728
626
124
5562
2878
6703
7213
5883
7593
76
6318
1127
7093
518
4409
4667
4996
6953
3358
7774
2607
4345
6457
3030
4012
8185
1891
7801
1110
4291
522
7570
1136
5846
248
6648
6321
6815
795
3757
517
1081
3905
3019
7544
626
670
6945
2149
2284
1583
96
3736
7263
7806
1542
1803
6385
6758
3618
6587
6554
4098
7616
4839
97
5839
1999
6897
4216
6849
5505
7258
1164
2481
1722
925
1436
1460
2776
3729
5068
2720
2961
8125
7456
8006
8146
4689
1249
7035
4566
854
5963
6349
3777
2375
7367
4097
1905
1007
7797
7999
5320
2838
3135
986
6138
4603
2513
5788
2024
6549
2738
6714
4927
1575
7739
6317
2665
5231
6721
4965
1733
7856
6688
5402
6007
3353
7009
6563
4593
8013
1669
4050
1196
3650
8189
6295
2004
5181
778
3155
3605
6583
2300
7592
3354
3496
499
2714
7114
7437
5365
3254
3298
6148
6778
2401
6830
6853
7619
6751
3013
335
1802
2056
2196
2684
6437
7427
2194
1289
5821
6358
637
4094
2084
2236
7641
6161
4515
4831
3322
4901
4234
6663
3605
2783
952
8187
5530
4789
525
4515
3061
2651
2497
8172
5889
1001
3632
2484
504
4908
1022
48
6067
4031
2027
8122
7938
7371
5071
6957
276
380
297
369
6788
2506
2188
2160
7516
1705
2632
8161
5111
2160
6446
631
2226
7058
2918
1501
4527
6952
3404
3308
5122
3672
830
4446
6805
7479
1815
8184
1748
5157
5890
5898
6105
5072
1071
1953
2109
5738
6731
1590
4509
2953
6199
7053
4975
3522
842
4304
5933
3455
986
2932
2216
693
5578
5435
2164
5765
4856
436
388
4798
2541
3730
5122
5729
5437
5677
7854
3602
986
7478
2885
388
2934
6575
4358
4771
1085
3992
1173
8135
1378
590
5628
4853
1702
4228
4485
2862
7541
7755
2948
4567
5788
3157
7817
5071
3420
6370
7348
2064
1137
1003
3854
690
7146
1674
2608
7756
1047
2559
3641
4109
7656
7455
2251
6225
4651
2057
3352
7477
6151
6497
6951
4319
8024
2735
5259
1438
6818
2471
695
4069
7135
5573
3446
6055
6506
5534
3108
4702
2096
4838
4623
7025
3307
3656
1867
685
3007
4004
1219
4847
5447
1663
5852
107
1975
4148
7026
1892
2820
2278
7688
5764
1748
2383
8061
6723
5704
6224
1462
6818
6720
1801
5450
3722
785
6383
3401
5947
3150
3049
881
6265
6619
8155
2524
5071
5347
7623
2008
1828
3819
4648
3982
6083
2006
1913
6972
269
2056
7524
3029
400
1871
6389
5066
6359
7470
7530
5078
7788
328
3944
5836
2757
5025
2773
7514
8048
6950
7668
2354
2274
7165
1185
382
525
795
5739
327
2294
5677
8174
1780
6851
4840
7774
2591
6329
1024
313
3605
1701
2427
6243
328
2921
7973
6191
3529
164
7311
7669
746
1762
108
90
6709
7094
7215
2839
3668
3527
7309
6607
789
6720
141
1555
3648
3960
5716
4863
5167
5429
1311
4336
1239
3757
5672
1836
5016
4157
4655
711
719
1531
5664
4425
3456
2637
7638
1477
6714
2317
6198
2482
5761
6015
1903
7530
7310
5470
6034
2902
5475
7871
4479
5576
165
5534
6148
3596
7634
650
6431
1188
3085
4865
8053
3356
1686
1594
5583
4497
5554
7185
4057
7617
1124
349
1952
1137
1918
3748
7041
2690
4553
2225
4430
6677
5455
7398
5940
2624
3906
1141
5031
4184
6210
2278
1526
5190
2810
3450
2656
7304
2444
7254
3710
4039
1897
919
6521
6156
3026
5034
5589
4143
3789
4117
2277
2635
6546
2989
823
1938
3119
4434
1539
3957
99
1995
5821
1449
4418
7156
5016
3952
594
3089
6120
267
2386
1483
4562
5169
4281
2671
5008
472
1088
3835
6963
1986
1067
2846
4823
7391
1198
5477
6404
6668
2687
6617
3885
4842
5629
7073
3092
1175
7518
4985
5260
7649
4299
7547
3110
648
999
6958
739
3092
6769
5361
5648
2652
366
567
5204
6272
5919
5392
6081
6434
3227
6866
7461
3853
1472
6626
145
5834
6143
7803
894
359
6655
3948
6482
6309
5285
4210
3378
4250
2875
3654
5070
5831
2445
6778
4425
6665
6861
4025
5707
2199
7962
541
7564
7300
6920
347
7656
7802
5335
3697
2218
976
6009
435
2299
3554
379
7856
550
185
962
611
3398
2608
2043
6651
3107
171
4848
2935
5555
7135
2806
587
1374
3289
1883
5616
6006
8180
62
4783
2064
1552
6301
7403
6555
2412
5143
3904
6056
6271
1686
4227
5475
1232
3032
6660
5612
7587
3992
7464
7383
1839
4255
2143
1457
7082
7808
5747
6269
3026
1153
2740
6329
4253
3710
5499
7842
4649
837
5561
6442
7965
8071
634
5520
4665
1669
2859
7391
5345
4076
767
5747
1691
5071
4440
5348
7869
3076
4954
6151
2099
533
7596
5950
2251
1021
6924
8082
6852
4940
6086
4845
7946
1051
5245
3193
6465
5904
2453
413
5091
6140
1162
4344
5988
6803
4535
963
4493
6361
2543
3938
6824
2914
128
7135
8044
2223
1288
7714
5173
7351
4001
5215
7822
3461
2924
4902
8100
2827
3472
2152
3428
6398
1205
3969
7699
3830
5551
3447
3030
4944
1154
7478
1269
3550
7524
4416
1978
4128
7213
736
6950
1660
515
5739
3973
260
4205
3984
2899
2473
776
95
273
4081
4072
5110
4547
3516
4841
7267
6094
1227
3664
3565
3001
3866
5693
3907
2461
4406
1972
6387
4211
3046
7550
798
5615
3577
3096
4631
8120
7521
4445
1713
7661
5893
4619
4159
8069
7896
1741
7985
2572
196
2394
5870
7585
1589
2507
1305
6904
1677
5453
2180
4185
766
1839
1827
1392
4691
1991
1898
1579
1244
363
5545
7659
2545
7165
4333
4902
7190
3872
1918
4299
3298
3359
7311
5795
5638
1522
3961
48
2085
1082
7017
827
1945
1336
4460
1582
2563
52
4002
4941
3791
2108
4144
6652
3519
5688
1507
6286
2787
149
3825
2125
4071
5272
5530
5227
5642
5354
3485
6844
3441
7353
5774
837
917
2392
716
5753
3121
6758
2788
4801
1575
3496
52
3521
237
4401
6744
4731
6957
2700
5699
7326
3592
8115
6295
6739
7520
5765
5089
326
2824
8018
241
5142
2597
4872
6575
2939
4824
3825
2530
1598
4999
2853
4839
6515
7199
131
3367
6274
3415
7022
1620
121
7055
7101
7784
737
1420
3510
548
1479
5850
4509
3771
4426
7007
3144
1639
3007
3066
7961
5355
1956
5497
276
7599
548
2649
5440
6595
396
248
6538
7136
4657
1965
3481
2470
5789
241
3141
7089
7099
3220
6522
8038
3091
8050
5557
5171
27
5940
6488
7537
7966
1673
3534
2627
3758
6350
3306
89
5861
1122
6616
336
5010
7646
1908
4273
2955
1523
4912
7572
1326
7012
3336
5953
3811
4545
1383
6948
7584
6636
1848
3070
1744
1965
2799
3938
2106
7313
1660
3392
6753
1997
766
2407
1989
6772
3881
5006
2382
8015
7831
5428
3723
2950
4140
2495
2513
5489
4147
4890
3592
7013
3965
8011
5713
7627
64
3906
7721
5401
1620
6633
2152
1168
3
6486
7544
5912
3881
7311
451
3166
5899
568
5583
1107
3679
5820
2983
203
6872
2844
6045
6995
5509
7281
7191
4697
7900
7253
5583
3037
3742
1090
7197
3411
1112
6193
7009
7263
6769
3245
2003
5577
4467
1270
4201
5722
1921
1330
6851
7303
6457
5426
860
5909
1939
5540
5063
7714
3854
4790
408
325
3326
2313
6900
1989
3067
2352
4219
6725
4563
6477
1476
4664
3166
623
4654
5475
7486
4080
2067
4339
133
5601
3958
6336
6142
8093
979
3712
2306
2863
2986
8183
2588
988
273
7734
5612
2477
248
6612
6056
3633
7496
7291
4670
3439
8070
5229
4162
2959
4535
7943
538
3823
6189
1120
4443
741
2793
4675
4012
591
5365
1920
5605
2191
3196
5765
3935
995
5816
666
3758
6741
8169
8033
4456
2173
790
7765
7109
4115
5392
1974
4720
4677
4208
4590
7430
6426
1519
6476
476
4039
1254
5507
7924
5805
4541
4355
7692
5911
3829
4183
6120
3640
3771
6281
4518
2282
6082
8128
3220
6845
2355
5449
2758
2059
2399
6966
5201
4859
5054
7701
1117
7109
7671
2371
1333
8095
845
789
4619
7438
7991
6161
4326
5494
8044
473
3838
4834
3133
6903
3727
7898
6144
1453
7689
255
3816
4755
2227
3644
8084
2435
3211
4137
8166
6249
2238
4753
1956
5805
1796
3846
7235
233
924
2338
1578
7840
873
5210
6187
3221
7768
4759
7834
1975
6676
643
2821
3900
7456
3499
6063
7459
7407
4417
8167
6297
5535
1296
1045
617
8071
3743
4812
6738
2482
1076
1609
3451
5488
4203
4447
1237
7270
3409
7066
2550
3382
7650
7914
5799
7654
478
276
5881
518
4896
130
3584
5119
7095
3495
3616
7237
2589
2601
1454
4721
6605
1432
3862
3261
237
6559
4017
1879
1514
1413
3100
2331
1670
6850
7765
3256
7799
8101
7519
6000
4164
2237
1095
5114
2440
2638
2666
3284
4385
7273
2263
3008
5152
5848
4160
4629
480
7297
3615
802
3432
5486
5654
6777
7088
6594
7118
7053
3175
75
4157
7228
842
3808
1115
612
4702
2935
7360
6694
6805
6191
7244
1673
2467
3913
6223
858
6717
1245
585
4681
1156
4090
2568
1148
6896
5325
5122
430
702
4240
3162
580
6483
3396
1081
7376
2256
4909
5964
3291
432
4404
6784
6158
2858
3561
6665
6911
1689
1766
1518
3245
7666
8099
6439
3944
4493
601
7053
574
5225
2685
2948
2279
1259
1432
7143
7527
4889
2886
1519
4657
3457
3346
7147
5435
7037
7183
296
6578
1226
7006
2935
7611
4080
2636
6611
1237
1066
4579
4967
9
7185
7318
4750
293
8010
5829
3799
405
161
3458
758
335
2504
4755
2554
5797
4722
2352
3454
7357
6011
7766
3481
3481
3731
2316
2879
5621
911
3285
4181
6209
2987
6191
7935
4318
5652
2299
7992
5886
4201
915
7603
1230
1642
6213
1858
7755
4112
3831
7384
374
7435
6571
4587
714
5115
4287
42
5964
363
272
6527
3999
2044
5944
7994
138
7649
7406
4630
2102
3269
293
6069
6757
5618
2856
6626
5456
6038
240
5693
6375
774
7971
1199
2559
4329
4228
2019
7044
3392
2325
3042
4694
7324
203
4459
2142
1728
3627
4182
5829
5982
7668
6229
3947
2530
7531
7137
4838
7256
1589
1148
6484
4186
1498
5037
4777
1154
6617
3320
6679
5915
5558
8085
8025
7202
93
4881
1965
6401
7023
74
7534
4723
8135
641
4398
744
1827
3618
6801
2844
8021
8120
5890
7774
5983
7796
6007
278
2384
3644
3012
2792
5936
697
2943
3107
6719
231
2942
4786
3797
825
7982
794
290
5833
1398
1928
6462
2931
5550
1527
2614
652
779
5596
6373
5451
347
756
973
7291
7104
626
3517
1555
6876
2216
876
1827
3538
5174
4805
4335
1213
3657
3132
4914
7187
2495
6842
6611
8006
7041
562
2026
6474
4983
1609
6858
5458
1453
3514
3795
3127
1020
6029
4234
71
1126
4496
446
5405
873
6941
7783
7563
3243
1805
2805
4701
882
3499
7612
444
3543
3928
2269
214
932
545
1697
6364
6831
2894
3187
8063
7714
6905
6014
347
3359
4221
3726
2332
6857
3748
3454
1645
272
2752
7567
1115
1440
7331
1708
5064
1826
1592
2091
585
8046
4059
5242
1684
919
2861
3487
5838
5375
2896
452
5048
4843
1128
2903
1423
2550
8061
1605
3259
5442
733
5610
1252
3368
3179
5097
6397
5334
4024
6176
6625
7686
3128
7267
1012
1011
6690
5807
6248
5260
6163
3714
5491
2149
240
458
2071
8166
14
6091
3978
7058
2081
7839
5347
4676
3168
5260
1653
3234
1846
2644
6786
5379
5260
68
5767
1418
2607
6023
7597
3635
2743
1633
3732
699
6720
6244
909
1878
7563
7365
7060
4605
1378
5719
3231
3231
2658
7975
3785
151
8114
4766
212
151
184
2393
1459
2323
7081
3646
6009
5426
6716
4786
7719
80
5526
4256
443
2668
287
4111
2318
5974
4165
2408
2907
3533
4765
5550
5234
8138
4033
286
6249
2989
4664
2556
1473
4836
1588
4872
4386
3657
4909
7857
2767
3740
6503
3664
8026
3581
6468
1623
5355
6869
5811
2035
3409
5148
4509
1298
2674
2600
5301
5264
7204
2429
4943
3853
1933
2549
5753
1324
7459
2189
2318
5696
5028
3765
8003
5296
530
1144
1534
70
2426
6554
15
2033
522
5157
3702
4814
8155
5358
8190
6580
1766
3508
373
6803
6556
1235
6488
2149
3150
1543
5820
365
5798
5588
2036
5968
996
2473
2831
2515
7655
6221
3265
2443
1719
3441
4890
5845
4189
3849
4862
4472
8040
4445
6005
526
7310
3704
6816
2323
6394
1638
6175
2300
7596
1010
1520
3027
5468
47
4009
4590
5423
6212
4107
7968
3563
4667
3266
4219
6287
8040
5163
7548
5783
7278
7813
6971
5933
4651
4858
582
6436
1649
4786
5929
7769
425
6474
4855
1760
2295
814
1844
4178
5247
19
7192
5658
5439
6005
2146
6480
972
5353
6220
6325
4436
3799
7183
3027
3055
83
7379
1246
5866
1217
557
3570
2811
3466
3570
872
1906
4989
5959
903
3198
4371
479
3180
7884
2054
7249
4687
7152
1144
8122
6325
6587
6689
5068
6743
2123
1746
6786
5612
5870
3315
5521
4132
7249
913
2192
1710
4897
1614
6301
4480
894
6278
1837
6834
1299
3015
2215
7392
6867
6938
5764
6028
2634
5543
2193
3666
2155
2279
2556
2000
3480
3005
3208
2526
6823
1935
363
5543
7916
25
7003
3062
3642
6375
6548
5315
2418
5786
8143
2886
4523
5007
548
4739
2404
2619
3355
2308
7546
8124
1920
821
2898
2608
4933
4490
4507
4378
2784
889
3178
7262
5474
3323
6501
371
1369
5906
5448
2684
7962
7904
5950
6873
3819
5350
3712
3003
294
4569
481
2848
5873
5860
3946
4471
3301
3790
4302
6899
1495
1547
1919
1762
6038
629
2480
5938
1631
7322
7021
6728
1750
838
7326
2061
32
2922
1078
1580
4318
3330
6395
5377
5948
3988
7176
5809
4540
3485
2121
1545
2375
1133
4622
3829
6505
2747
7301
1321
7083
6379
4704
3647
1723
7446
6584
3229
3657
1549
925
6405
5990
3989
2732
1533
2987
644
6437
4918
379
318
4278
4
4874
7410
606
3594
6266
4744
6125
4639
3880
2182
6011
3859
5868
754
850
4446
2646
1866
6821
2386
5573
6294
4964
5353
180
6559
6791
5619
450
5552
3305
1636
873
6642
7920
1110
836
7898
5335
3800
3298
5844
6344
2630
7823
2490
4991
6093
1522
361
6102
678
3539
6116
102
7885
2020
1327
5291
509
1944
2999
6683
1991
1647
2579
4438
1281
6566
3583
6162
