1089
5430
3461
4959
4383
5289
1905
2839
8121
986
1762
2306
2678
4290
543
2447
207
4008
2413
4201
7793
7578
1091
4330
339
2671
2664
8046
6288
1338
364
4767
2751
6717
1046
5172
4532
2577
7928
3131
7538
6889
1797
6116
1427
7397
8032
3089
6694
118
2949
8034
3823
4474
6106
6895
3692
7811
2610
1613
3099
872
2642
1841
5298
7038
7837
3184
2158
3984
3489
3180
2258
7724
455
4489
5616
4034
67
1960
4022
1979
6700
3621
4122
5480
5236
5276
6536
6977
116
5078
1054
1229
7212
2940
3269
2807
2961
2196
3697
4112
5839
1059
8043
267
3326
5700
2691
8060
3308
7611
7951
3433
272
2747
3811
6252
5080
48
2836
117
3849
407
1314
6307
76
5512
7393
3666
4284
1018
2066
3371
6320
7892
961
4113
2464
311
6806
4559
3222
3240
827
3170
6581
1209
5394
1882
5328
529
1822
3137
6044
2086
5768
2025
3351
5130
2881
3842
6260
1000
4754
530
2505
63
1016
6115
4032
8185
2077
2584
2928
4211
2514
5821
6505
8166
270
5029
6575
7312
7358
4328
3955
3357
0
3445
5709
7141
56
600
3180
3368
3547
7013
4486
3726
5405
4845
4472
3773
3746
3676
6326
7622
7516
1773
1845
653
3151
5395
2936
3546
3499
7589
4388
2314
1861
5262
7756
4158
1984
1962
7969
7214
5664
6904
5819
7247
7256
7809
1155
2314
816
5814
1513
1760
7582
4618
2528
4011
4233
5160
4403
3108
3240
4409
879
6377
6470
4157
3361
7477
6832
4011
4476
6
4630
4229
6135
6331
8007
4437
4941
3610
5793
6597
7702
6307
2140
7201
6391
566
4217
5626
2007
6658
7594
510
1091
5007
1573
510
5971
5302
6663
1132
8087
5845
95
5522
1431
6838
7137
2190
1844
1897
5744
3767
320
6811
4203
5401
90
2789
536
3826
1635
5717
2974
2995
1862
6111
6392
7413
3531
2168
4794
6681
5605
5155
4305
7542
3795
1594
6596
4417
4697
3428
5595
7813
2948
1848
2748
2739
67
6989
604
255
4755
3970
563
3452
7962
646
378
2433
290
4051
1057
7135
1620
1397
5838
2621
5449
6826
225
8151
7863
5199
1984
1428
6898
1249
251
2652
6445
3084
259
6598
7429
2986
6868
4814
2980
1026
1229
5427
7501
1655
2240
167
4347
3959
2140
266
2876
948
5843
1310
7472
1573
3155
4587
3935
7349
1181
5611
3950
3323
4790
1869
7233
7288
5242
5966
1375
388
4426
1997
3254
5478
3625
214
4608
3331
646
637
7223
4284
5288
3655
6340
424
6132
1566
8119
2621
8025
3957
3826
3341
7243
4677
4810
4739
2129
3102
7573
418
1581
8
6645
5917
6814
428
3563
480
1649
5502
5309
660
73
2132
3971
3188
499
8122
6266
1605
5240
7180
7325
3273
2531
1917
7707
1729
4735
401
1432
2962
1559
3813
2476
4568
6529
7627
1999
4729
8085
5296
7522
3398
2225
2278
1626
7289
5021
1300
4492
681
6035
5613
3832
3243
8093
8167
2619
1543
4094
8179
2686
3907
4601
2144
5645
1126
7254
2238
4713
1288
1195
7390
421
8149
2211
2107
6750
3171
7602
3735
4968
2295
2130
6303
283
7795
7438
2736
3098
2926
3177
3820
3507
1060
4479
5385
2758
7489
5992
3878
2265
6674
1477
8087
4052
958
1857
497
6668
5035
5557
6914
2526
3699
5082
874
3554
1393
2393
1138
3768
6881
1376
3501
1611
3859
6548
3183
4787
3375
6976
7818
2293
3738
464
7236
7435
1709
4635
7679
3552
4618
6792
5403
4491
1871
1151
5547
3587
7781
4889
388
2456
1962
2724
4139
2706
7234
6691
234
3450
2695
7296
85
4183
3294
1560
6810
3520
5676
5997
7299
4466
5895
33
7690
6910
8080
7658
5115
3301
5055
3969
629
5649
1058
7492
967
6949
5125
572
1436
6478
666
617
5015
1345
5554
5234
2155
7295
8114
3362
3213
4917
7381
251
738
782
4894
5969
4554
183
2012
3686
1056
1708
2759
200
1598
7018
547
5460
5573
6515
7204
1146
6451
674
808
2533
5297
2890
5678
1014
706
4635
3610
5470
6322
6346
1985
3943
3648
3815
7042
3536
515
3282
4458
8118
2837
3274
2919
1676
939
6282
4201
3531
1389
8066
5650
159
959
1440
2597
1072
7439
3622
1709
5155
1505
156
3721
1105
6880
3097
3107
284
1744
1266
7041
5481
4169
963
3643
6964
7269
2462
301
5421
2684
2244
1802
2687
3481
7288
6433
2496
609
6572
3551
4936
6924
3534
1366
5819
1513
3153
4977
4482
6961
7906
390
3599
2959
4739
7308
2189
355
3656
2336
1406
521
6679
5
1312
5080
1138
5437
4069
7078
2376
4969
3162
8132
4055
388
2490
4088
5047
2897
5840
2464
3253
4448
273
6010
4136
1556
1194
1217
2117
5893
1789
5555
569
7265
6812
6922
4233
6319
3737
2558
6616
2861
2582
4420
6743
1977
1717
203
316
7231
763
1465
6307
3527
8038
6573
1789
4525
944
5871
2106
4466
1666
4365
5376
570
5509
808
1489
7205
7637
5451
3251
4538
967
862
6443
4535
3683
2289
3393
865
6205
5322
4743
5381
4931
2933
4635
1775
5257
6414
1993
5129
2969
5239
1722
2778
1971
2064
5416
7265
5438
7759
1658
141
4517
1426
1208
6202
6763
983
7927
1364
5562
4782
3143
7482
1853
2984
265
6582
7986
840
3954
822
4441
647
429
3379
4610
7388
4551
1440
1011
8093
2613
6748
744
6723
4989
1999
3594
2992
2562
3348
2413
1513
1926
4098
4242
6579
7100
5387
6678
4137
7230
3678
547
1956
8003
5689
1253
5496
5416
6200
8158
7509
6291
1973
2249
6826
3374
2574
1107
5983
2273
4864
5012
2520
480
2624
8178
883
1981
5666
1435
6941
2625
1219
2349
3478
882
1089
3456
7116
3989
2529
4585
83
2018
5091
6305
568
955
2332
119
6041
2110
1252
5097
234
6293
8003
2960
5682
1021
8013
6506
6047
2734
7528
4050
7075
3449
4733
8147
3541
164
2535
5449
2284
2414
1258
6040
6234
3754
7666
6814
5406
1033
4500
438
7456
6764
5695
7779
1233
1428
3797
6023
4201
1892
4410
94
1357
3826
623
2498
5387
7806
3329
6690
5884
7766
2447
2235
3081
810
5361
3031
1084
7800
3055
1179
2451
7600
4159
7888
2055
2310
5574
5128
4096
7784
1518
3146
8094
2146
3675
1759
3941
2812
6930
168
7744
1736
1296
2553
7946
7975
4562
8111
3802
2349
7829
3462
8151
6072
368
888
2861
7740
3038
2313
4193
5973
6438
1135
3743
5378
1804
587
4272
3057
186
2409
4989
935
4869
6700
4230
1984
5540
1557
3167
634
2081
1138
5026
3134
6003
6466
3304
6822
4360
4144
1623
7437
4073
3149
4017
4964
1074
5055
5945
174
1405
4865
980
2300
828
2662
5911
2325
7752
6068
6956
7416
4579
5941
1003
2696
4293
4603
5870
4841
5664
5509
3219
2447
5479
3089
1205
4451
4220
7121
6079
4460
502
4447
2784
5146
5947
3914
897
3006
4194
5482
393
3996
4494
4609
3441
7232
7201
3783
5927
5891
6131
27
3216
1921
4329
6913
1679
170
6761
8111
4788
1044
5891
3061
7096
5811
3925
4353
6844
5122
2336
4380
5628
6348
21
6404
2528
2423
6376
8190
4993
7926
7693
2667
7262
6552
5837
7967
6148
7643
3516
3868
806
643
1598
3041
1648
5570
2080
4885
1791
7195
6485
5086
6461
506
869
3713
709
7780
1246
2860
7331
5671
2577
6821
438
3416
3910
4742
3168
578
7901
7508
4609
1031
2294
4294
5151
4321
3635
5137
249
5192
3214
7820
4070
1177
3566
1375
3914
5229
5990
4524
3791
8157
2684
4802
2831
5413
5318
3342
92
2321
5448
4432
2141
7076
3041
4334
3772
4738
312
4621
7867
4865
1447
972
1069
4560
4289
1698
5620
5248
7259
3540
7433
2314
533
3996
7078
611
4138
660
7015
7435
7370
4834
5905
7296
319
711
729
7907
22
4927
2214
6235
7549
2831
4512
562
6192
6171
7852
2665
5717
7851
6518
1905
1461
33
2890
3097
8007
1748
97
253
3504
5325
6829
6979
4712
6775
4709
7611
657
7460
3685
1395
5086
5154
2834
5087
2272
7661
8149
7127
5210
2977
3560
701
679
1436
7371
929
894
3290
3797
7247
8035
2241
2152
7689
6651
1630
1243
4278
5692
1084
4283
2718
2745
1253
3380
4061
4672
822
5587
3929
8121
7315
7788
3926
5269
5815
2193
2666
6298
574
7766
5758
7961
5456
4578
3482
289
1937
1882
1798
636
984
261
1351
1966
807
3174
440
3664
3629
2034
2561
5211
3397
1969
6568
6527
364
61
1876
5714
1191
351
7954
4064
4719
6394
783
4202
6245
2681
6685
6508
1021
7568
4655
1004
8114
3482
1997
29
6425
2789
6105
6203
606
5851
6677
4843
6422
6764
4538
7837
782
1863
6693
5795
6874
1559
3168
2510
4058
7456
561
7113
5683
2462
7031
982
5455
3540
5863
5770
5907
3937
7661
1169
2496
1280
4318
7992
7115
1316
1077
1112
3661
6351
12
2938
1922
7887
6567
285
1895
564
2433
6681
6992
5973
7956
7724
6453
2653
7511
7634
7712
888
3833
2932
7272
8183
7745
6688
2774
2456
3737
4798
5366
6711
2262
6319
2943
8130
5398
4087
5464
7835
3662
7065
3896
7139
2000
6031
4121
7997
4630
4937
4417
780
7109
2641
2510
1587
6910
4242
1582
1049
7393
4717
618
5188
5741
813
6284
3217
7077
1326
813
5329
1461
4154
3663
4142
6956
4044
6504
5480
625
8060
5544
1060
6307
2953
7575
3857
4580
3967
348
8143
4944
2001
6880
3388
2646
7382
2983
4968
961
2556
7824
1209
5644
5446
4842
4955
2246
341
4689
6136
6665
3666
7868
7498
7546
3873
5830
5252
859
371
3339
514
1569
1245
5725
6631
7918
6191
3650
1111
1975
2654
947
7213
5755
3247
708
2318
2507
5150
3582
4550
2033
1697
0
3267
2759
977
4397
1361
5943
2765
855
7462
7426
3368
7548
7666
7153
63
1523
3094
7403
2075
6569
3171
5208
7953
6247
3203
7958
2523
5343
4988
1865
1861
3072
5062
744
221
26
6409
1093
4103
2830
2139
2577
3403
1663
4257
3998
5506
7629
1094
2069
6108
4399
3241
2964
4407
5148
6969
1348
5648
2967
4235
6494
7371
4335
2936
106
4141
1181
7515
4136
5401
7869
6514
5217
5623
5669
272
1712
2903
29
5994
2019
1712
652
4531
5254
1197
3755
3411
6086
3757
1981
4122
3879
67
5470
3358
7457
4509
6426
7658
7362
530
2893
2816
5446
2918
2922
6861
7053
8162
2059
7159
7793
941
7942
6759
3932
6069
70
1093
1978
7110
730
6806
2472
5599
5371
944
249
7077
1406
869
2459
8077
4985
4615
4950
1752
5359
6281
7008
5088
1947
3381
6800
5990
2468
4860
3597
1535
7913
4729
4066
4020
4724
8129
2953
1253
6475
6569
2542
1739
7171
4743
4791
7648
7131
895
898
6502
3190
3510
2316
1334
847
2738
3686
1399
2161
5677
1969
2919
3184
4319
6845
1519
4601
1364
1788
5703
7518
2350
1398
1374
6255
6914
6564
3073
1520
1520
4788
5588
7396
7715
5993
2883
4316
4423
486
2424
7868
3744
1301
5278
7350
5882
6154
2964
6159
6280
2074
7003
5670
7803
3908
211
261
3643
6631
480
2273
2525
6774
2140
7806
5044
7499
4620
1709
7640
2037
4522
5099
5167
427
1474
6404
7567
1597
5087
556
7102
3962
7632
5670
5760
5008
7807
5201
7662
8157
4013
6857
1901
6820
398
993
6164
1112
4847
741
3405
2061
5053
3130
528
6583
4152
2091
4651
3046
4873
1182
5566
6771
7427
5920
487
4561
6514
6590
1739
3057
2221
5490
7521
419
7859
7449
6211
2203
2510
1306
1283
16
6881
818
6075
5984
2908
6428
1827
298
5207
2342
6073
4061
4517
4029
7189
6923
6536
675
92
5156
7226
2030
92
5376
1080
4791
6833
4424
2368
515
859
1186
1686
2936
5888
1043
1480
7356
8146
7105
435
492
1030
2721
870
6140
6595
3041
6591
5907
295
3718
7883
2954
4536
2332
2679
226
3669
582
4088
2175
3214
954
3871
6424
1243
7404
3220
3970
6076
7786
2937
1098
421
5280
1496
4189
3939
7736
5947
2581
1601
1941
4553
4395
6837
4271
3241
4696
3476
4137
3363
7491
3715
3099
6835
2638
5120
5578
7749
2679
6951
3037
364
6640
7650
2434
3646
7417
5312
1272
6623
515
5752
3285
2530
2266
3310
4872
1265
2856
8039
1842
5906
3156
7624
3598
2909
7558
1096
4162
3205
6656
8157
7048
8121
6369
7218
2136
3659
460
8178
1858
5790
517
6308
4238
31
3142
6767
5195
5944
7843
4848
4840
5975
5933
1774
6581
7571
2455
539
3109
196
2628
4672
2401
1258
6152
7678
2346
6284
4353
681
85
7125
7545
3086
6402
2465
4674
3172
853
6421
5878
5332
309
56
5044
4160
5409
5211
1285
1149
779
6328
5367
1343
340
3287
6985
3759
2899
1164
7638
6351
2214
7593
2155
7420
1506
7041
4538
4414
7400
2076
445
5625
7123
6824
4738
1188
363
3571
8077
1723
5428
4857
3809
828
7550
7235
3034
4174
2647
4544
3041
5960
4139
2317
2190
1707
2263
5322
5772
112
1558
7500
4359
111
3704
4561
6689
2514
5877
4926
7616
2904
2622
2963
4462
6379
7869
5365
7990
1809
449
291
5708
1587
7305
5092
5598
5832
2434
569
4958
7883
4730
7481
1784
1473
5437
1777
4787
7352
5621
5920
1051
3454
5584
1834
63
2146
452
2287
1111
574
2275
569
7960
3684
2116
515
4160
2802
3417
2678
6163
694
4972
1637
7690
1043
2148
6514
5051
4555
1915
3426
899
7121
8038
4438
2149
6301
5243
1756
2496
1469
3335
1504
2735
2924
4183
1130
301
2183
3293
3419
6850
5089
95
5032
3299
2992
1544
6179
3237
635
2880
3186
467
3993
3128
2628
3479
6735
191
7701
5406
3258
7233
5790
7026
6613
2970
2543
7757
2726
5948
1568
2680
99
6192
6587
5019
7400
65
2368
2917
911
2998
960
6333
5062
3639
195
5570
7066
3227
5175
1575
3287
2953
1033
7913
5532
7073
1693
2532
3255
105
7297
6474
7524
5025
7100
5297
4365
4189
551
7397
6118
1208
6237
4300
2167
5384
5803
6847
4744
7452
7250
3469
6841
4569
1520
1974
5581
5085
6286
789
7397
2683
7090
679
2520
3322
6897
995
6382
5965
2583
4902
5849
3778
5702
7742
4008
819
4941
2353
4599
2980
5205
2527
2864
4109
1260
7808
5281
3709
7771
2713
8124
5239
797
1024
1968
7514
592
1110
2254
966
7400
1565
4402
2264
7360
1823
4532
4410
6051
4899
610
4429
2441
8135
7992
1822
7158
5257
1635
4666
4521
3286
471
4667
3961
4985
728
4720
5130
6270
4859
7916
4412
5338
3389
3936
5833
1869
3137
1297
7317
4257
2024
1005
1560
671
1015
786
1954
5057
1743
7182
8167
7754
6357
5093
5861
3965
5899
1096
91
89
4269
8003
5802
2302
3466
4452
5089
4006
7932
3629
1772
1335
2839
4486
2447
310
3600
4407
7766
4824
2291
6863
4695
7396
2763
1487
1557
3351
6907
5519
5355
4058
5881
2246
6802
7954
6297
4569
3773
69
7680
7605
6580
5393
2895
7729
5961
1509
7914
8015
2407
1605
5267
5202
4551
4454
6104
861
1530
3678
3418
4234
7799
8027
7391
2279
7
5079
3518
1441
4912
3682
7401
6177
7259
354
2929
4439
2488
3938
4098
4557
7742
1480
2766
1551
7027
3090
2400
2135
2606
3118
25
831
1005
6186
7488
887
7228
4262
957
4206
736
7472
235
7609
1817
6192
3526
3737
7295
223
1036
5126
1415
1235
3655
4823
2677
2956
7664
623
3820
6783
2333
1002
360
7770
5569
5641
6472
2860
4896
6298
2404
3109
5671
2373
2293
3601
4252
6112
4472
4412
1961
6341
4667
3892
2390
3278
3093
2641
5996
7054
4681
8010
3090
97
483
316
5916
7108
7099
1880
3162
1091
2700
7626
379
2434
824
3222
2410
3396
5965
4637
8033
7488
4259
6375
1206
6226
4948
3385
2399
613
5370
2225
4589
142
4013
4096
6432
7112
6507
2055
984
7559
7217
7933
7848
7898
4340
3249
6508
5527
740
103
4925
6440
6804
7111
942
4343
7953
6280
7747
5705
1974
5147
4658
8089
3941
6849
3426
5991
3404
5474
7727
6486
3108
4692
8110
1753
33
1089
1257
7375
2240
3000
135
2694
3561
4461
6949
7037
813
480
3368
45
4296
4303
3406
838
1207
2317
6770
6034
3276
5083
163
5490
7956
2455
2825
4865
3375
4112
615
4502
3714
4918
3574
1153
750
3489
5887
2743
1209
3741
2413
3778
2434
7514
907
6232
6088
2604
276
685
3087
4173
4849
5593
868
3855
3356
5583
1090
7593
5118
4364
3781
468
7983
7235
1357
4618
5363
6834
292
6477
3238
5264
7330
5269
754
3182
7770
846
4486
408
6639
7993
5669
6573
7315
1150
3298
7547
684
3857
5939
6293
4468
6354
5940
4548
4431
4066
1569
2537
2781
3449
1250
2702
618
1733
5699
7755
344
3091
78
7649
614
818
7048
8177
7787
3362
4579
2742
7582
3808
5579
3149
7684
3127
6265
2544
156
7988
2810
3966
6865
1092
4164
3387
689
6711
1555
1556
7622
5258
1299
1369
4031
4242
6796
2099
7829
5429
4579
4008
1975
6333
7259
7182
5246
1008
1776
6989
2630
4575
7498
2323
2200
6881
2085
3807
583
2364
5387
5831
225
2297
6074
6214
5168
7235
5660
2365
5597
4388
6923
7063
6331
8175
4827
3854
7946
2413
7503
3417
5736
2247
7592
6234
350
5309
8174
7956
6340
7664
1597
683
1970
3885
5631
6447
2569
203
4594
7788
3644
3834
2491
5467
6662
7976
4778
7493
5200
7684
38
4389
3739
571
4102
2501
823
3446
2878
3370
7863
2554
7914
7580
1665
4412
5010
5338
4872
4746
3297
7710
4032
6613
2698
4342
3514
178
6176
634
4603
1245
5869
16
1796
2865
4264
4394
2225
3585
4470
4422
6353
3821
3251
6994
6192
197
3572
4750
5164
7542
4491
7212
401
3902
2776
4768
556
3138
2611
3317
358
3685
2062
5611
4535
6107
6139
5836
504
7842
1338
5116
877
4105
5052
131
4437
6242
5012
4424
2526
1191
6870
6870
4095
7404
4769
111
7297
7405
1233
7031
1865
117
6194
3379
168
8008
2297
5810
6633
7143
1477
1007
2315
4601
2672
5102
3240
3235
2804
953
18
6292
1211
3229
1068
3365
5165
15
7289
4156
317
6288
2541
367
5959
1637
8039
4042
3418
7882
1718
2146
4958
3692
2488
6608
2421
7499
6961
331
7740
4273
5099
1479
6222
6218
7007
3657
1683
3706
4880
3595
7675
7821
7772
6441
7922
6159
6973
6068
3942
623
1178
4950
7395
8124
8039
6250
4001
7142
6509
2697
7038
146
7973
4548
6939
6852
2279
3795
7204
5558
3001
8039
7042
799
5378
7587
5200
3595
5760
2160
6732
5923
5919
2263
2581
2753
5925
8057
4404
7855
4427
594
1587
1158
399
7061
6371
2018
5824
6553
6176
2988
7781
444
3939
4237
7244
7441
7688
6639
2135
3868
3953
5454
301
4765
199
6838
6591
1669
7836
4024
1278
7899
5120
8132
3344
1266
6711
2563
6527
3917
3490
7550
6322
4426
7997
2872
7234
7529
4695
5731
1442
6995
1025
92
1392
4814
8038
1704
6725
1220
3650
4769
7667
3511
3332
61
4938
7828
5033
4634
715
3086
2290
2066
6953
5819
5627
5498
8167
7901
6096
5902
6185
1180
6945
4788
5886
6887
7111
7810
5461
4162
2701
2770
387
2240
3749
3503
7114
2877
3171
6382
4934
7758
110
2011
1033
2974
2201
5991
4937
6289
4069
1323
7805
7795
5089
5573
4748
6632
6489
8144
6600
5838
7573
5898
6088
1688
385
6059
2562
5850
841
3544
5618
7216
3172
6605
6783
2600
8077
232
2145
1418
3825
3472
3142
2765
1638
1852
1840
3329
6889
5375
7643
4067
1095
800
5411
3714
8105
5295
518
5159
939
3302
1393
3997
3202
7961
3930
6598
3880
889
5221
279
662
2869
3850
3989
6885
6077
222
1886
5540
6068
3941
741
6276
3652
5161
706
6765
7929
6856
766
6721
4119
7865
5474
5714
1577
3783
4527
6069
497
1819
2755
5673
1211
5311
3598
7340
3258
6030
411
2740
1933
1322
4894
4642
5405
5970
2016
1395
5244
406
6077
1315
1830
7918
4598
2636
5362
5353
3638
6410
7523
919
8189
6909
3791
1079
7174
2569
3375
5113
447
1982
7702
7133
4754
5388
393
149
2089
4313
779
2518
6310
6600
7889
7053
941
6151
6659
6187
6046
3047
6279
6681
719
3171
5549
3645
7402
3911
1209
2778
317
7208
5209
4018
3989
5074
7154
504
4469
3099
6696
188
776
7865
2852
4955
2072
2384
1333
2417
7951
5393
6022
2869
2818
496
7329
2644
5539
5267
1983
1061
4981
1394
4453
5952
1351
6619
5530
4393
2544
6148
3284
2327
1578
2363
7255
6986
2779
368
2152
5966
6884
1852
1869
4170
7758
7253
649
242
602
8078
5804
993
418
3692
7559
7498
1957
5265
182
7459
1013
1811
4981
6027
4978
6035
5572
1416
5970
4371
4423
196
2471
2872
477
1295
5725
6008
2078
6732
1616
7323
2233
3394
1475
512
4588
4746
5122
683
2986
1614
2694
2064
6483
1148
6809
1164
5705
2006
4354
2909
8171
8175
3816
3155
5443
1667
4268
310
2262
5034
5904
2508
6619
7888
5999
5149
649
2557
1768
4632
6873
5466
6632
596
6414
1904
1520
1182
5904
5401
6858
949
973
5492
4097
125
570
4133
5169
3451
3495
143
1518
3989
4082
2518
521
4109
2366
4831
1879
7094
2286
7881
699
4958
766
282
7505
2588
6896
827
4527
3927
4536
1140
6443
2888
3588
3128
7879
5616
4858
3132
2854
869
3326
6928
4517
7632
1532
2333
7474
1589
3202
6922
7097
5915
1911
5081
2458
7682
3010
2343
3075
1172
3788
5059
2095
7569
2733
4401
6579
582
637
3703
4592
4677
5892
8156
4461
7458
5036
2021
7309
2459
2774
3642
1590
1407
3541
4589
2594
944
7953
5688
5148
3059
8068
7122
1381
3607
3061
4082
784
7484
6406
3279
662
627
2487
2455
7620
1528
2720
4198
7217
3556
7130
7894
1783
322
1118
8007
6277
6641
7213
7856
2124
3230
7936
7475
1143
1580
2975
4962
2416
6656
1110
351
1558
4356
1861
2095
6623
1746
5857
45
1027
7317
7593
6790
7034
4632
7501
6231
7594
8112
5460
3086
3132
7798
3855
4121
7530
5160
6780
3211
6293
3002
1967
6859
8109
2454
4468
1588
3864
4073
6781
6085
6251
3775
3791
5949
2216
4056
4935
2023
8058
2205
6891
2922
3912
4227
6501
3861
200
864
4612
6438
7562
4445
3683
655
3385
1942
401
7637
5597
4147
2147
6568
3736
5905
2050
85
1334
2952
55
4202
2665
6002
6715
7776
2862
853
3767
7313
5810
5415
7664
3092
5669
1175
7911
2198
4942
7981
2187
125
4732
6658
7759
2329
1328
3411
6860
3076
7962
5376
1669
3157
2748
7267
3117
4705
829
2068
881
5828
7225
3936
6327
2715
1252
7564
2510
3782
3841
4597
5240
5670
2299
212
3442
2703
3153
5387
4889
1038
5339
562
910
3370
4596
7891
1571
6447
6225
526
7854
6517
5500
1152
3318
7125
1574
3512
3101
4323
3095
4411
7223
1311
716
3984
1696
3004
1129
5191
5353
276
6315
7491
7290
4424
7611
6032
2043
554
2807
3066
4576
2353
5771
548
132
2700
2118
5402
334
203
5806
3554
4357
6384
5249
674
8012
5758
5687
6265
913
7878
6890
7806
1024
8173
7413
6991
3177
766
7189
7258
1999
6975
4389
3893
4406
6221
7571
6795
6004
415
5764
5275
4762
5044
5224
4405
4169
544
520
7766
1255
3650
7178
476
1520
3494
1528
7094
7598
3749
2752
5136
6563
1959
1557
2160
6835
4687
567
5932
5186
7521
3681
6555
749
2593
2895
4525
5777
484
609
7512
2642
4895
4630
2343
5842
283
3155
7518
7981
1198
5444
6498
6415
360
2225
4632
1135
2906
3821
5303
3317
5068
6020
1701
14
7245
2193
280
4361
1862
4707
1768
1535
5625
3362
4715
5376
5062
761
1793
2788
527
2811
2429
4464
4730
2712
3477
5890
6038
3407
5246
2228
124
3293
574
554
3146
3641
2938
146
3698
6026
2979
1437
895
5725
4543
282
5142
934
4071
844
1709
1720
2334
7252
1192
6816
7566
6559
4055
8107
3059
3213
3504
2339
1672
2515
2318
6344
4925
6205
787
2349
5348
3033
3231
2307
5346
7258
5814
997
7524
7555
3184
1866
603
3408
1166
5503
7424
3204
3995
4062
3692
3972
6699
968
798
6093
2060
7324
3475
7226
6423
6318
5428
4629
8085
2849
4758
7978
5041
5129
4149
3229
5838
1590
2332
7831
2428
5349
4530
4762
2665
6457
4381
5206
5588
6966
981
2166
4027
6104
6282
522
1582
7433
6436
4660
2747
5518
4547
792
1889
5087
6458
1098
331
5361
1439
6755
7944
733
3872
5333
6275
2634
6030
7937
1292
18
7959
3672
4596
2079
1455
8083
3667
6184
5989
7122
2374
4457
512
3256
897
1169
3596
1887
5337
6105
5760
1900
3628
1241
6
5179
6158
2763
6738
551
7048
6357
2030
5031
5079
3307
7604
7889
6755
4414
6674
1897
2889
440
818
4497
7246
3004
1716
6334
336
8088
1747
431
6898
3703
2042
5183
2340
4293
3954
859
3125
6765
5485
5756
4299
7374
510
2123
3503
6367
4418
2763
116
6672
6781
5313
345
810
4601
5554
3410
541
5529
8127
5836
6850
4122
7696
3939
440
3887
3197
6018
7215
1096
3047
276
3780
5546
285
4584
1738
7325
6718
3075
4922
615
3161
2625
391
310
5071
2845
2710
2688
4145
7799
5957
3505
7100
6659
5646
3140
7801
6338
2146
6744
7275
2064
680
4115
5315
6249
583
3912
768
3147
2758
2941
1474
3554
505
4986
6853
6438
860
3468
5797
4505
5876
6077
3326
5936
5705
5196
3822
5421
4025
3366
4788
5194
4095
7274
696
6876
3155
3175
6216
5557
22
6879
7529
46
6820
6293
728
5339
1740
4139
7429
3889
152
5565
2028
7481
5441
1394
128
2773
7773
368
6169
8134
3030
5056
7357
3714
715
1272
1306
7849
6050
5654
5571
7703
5118
7946
2354
122
3349
5272
1520
908
4384
7806
4665
1489
5720
4713
175
2444
1631
2156
5180
2392
2107
6261
2732
1637
5650
6469
4707
1826
2017
2509
5117
6106
5596
7920
5757
3304
1755
1418
6599
5290
5935
215
4878
440
1600
1342
6062
7873
4021
1422
1586
7772
1061
3284
4503
7792
6637
6046
6102
2924
6629
4013
2091
114
406
5377
68
2047
7586
3363
5830
6468
1283
4600
5211
6529
5887
4682
7251
6834
6368
70
121
6762
1678
7051
7923
7153
6613
211
6683
6037
2033
1913
1809
2916
131
6257
2789
6240
6363
617
1485
5485
7110
1749
1280
395
6847
3567
642
6039
4487
3458
853
1325
6884
1091
7327
4067
1902
34
3980
4908
6683
5715
2099
4894
2777
57
6173
593
4980
4454
2720
2550
7538
5919
2828
3290
6176
1194
6352
8046
22
333
2072
5338
2069
660
3523
3969
1753
2531
7597
5111
6618
2314
854
6984
7527
8130
4760
5540
2230
1875
6507
48
1679
6956
4495
7740
7290
7408
7134
458
1127
103
3378
5878
7322
4825
1700
6770
1220
1622
253
6714
2878
8115
4608
4283
3199
6420
3518
6378
1608
1376
6800
3796
1054
963
8046
5031
4630
4761
7973
6221
7515
6925
5260
4601
3901
6939
3023
6040
5177
7056
7763
582
4320
4088
5361
2746
7590
4180
2761
5857
7640
693
6905
7921
4400
3616
1304
731
7559
1011
6177
4309
4673
3379
1004
4416
1442
8159
4489
3051
7624
4070
1922
936
7966
3030
5625
1553
2537
2669
2111
6764
4400
65
5197
6104
7601
3736
6977
7564
4950
4297
7649
1890
3842
2490
1014
6813
4106
3250
4686
2033
1947
2235
8186
4739
1547
5330
4690
6536
3516
7466
7953
1719
6216
2199
4828
2504
2875
1557
3432
5645
7208
3463
7368
7508
1792
1713
6709
5753
4508
7163
997
3297
105
8078
1656
6671
2233
2443
5434
7466
3043
4527
881
338
2023
1860
6913
5784
3789
1549
3212
278
5700
2331
6298
855
4818
1359
3870
3490
3955
5596
8174
4397
1402
6088
2416
1883
1069
5560
8168
503
7466
3883
2727
764
5105
2250
3704
6256
1650
1373
1688
6905
3559
3620
746
5531
6085
2357
3201
2885
4558
5219
1087
2383
1439
473
1380
2019
3614
5867
5043
8119
4595
6371
1724
1107
4535
1412
7093
5719
3491
3881
5354
5288
8181
5158
5735
3446
1727
7038
4815
5064
1309
79
1332
2401
5722
870
4445
1724
326
7459
7605
4541
6064
572
430
2008
4437
5661
401
1874
3211
3352
71
5911
3372
7583
5136
5332
1390
48
83
3259
4621
5832
3564
2224
2276
422
5579
6984
1522
4537
287
4813
8150
1896
1502
4144
2095
5228
2784
5939
2351
3187
353
38
3140
1236
6474
6858
3270
2908
5951
2970
1090
533
7282
323
3236
2223
66
7109
7390
6834
5840
3179
4477
8032
2713
400
2223
3570
7154
1967
4141
3968
7783
215
5050
7416
8090
464
8032
7487
50
6552
560
7560
757
7188
741
3379
7196
1672
4121
3204
4485
4935
5536
5333
1966
2933
50
1856
6941
3379
5373
4249
5105
2693
3257
8063
6931
3537
7824
1177
5927
4033
7383
5461
2100
7086
908
4447
1504
3406
5971
3505
7228
1297
4846
8093
4333
8006
7666
1612
6118
6167
7330
432
4298
2102
2173
7833
2297
7707
6203
6792
1787
4303
7008
1064
4906
5919
1337
3454
6873
2747
2844
1446
3225
771
6883
8008
2395
1013
5180
3738
8152
1378
669
4238
2276
6210
1583
3073
4355
6322
6729
3824
3552
2788
4108
1715
1874
1544
1193
3876
3327
1946
6380
7248
3142
1835
6084
946
4578
5409
7586
859
2778
5213
8038
6119
396
6327
1262
7860
2844
3239
2949
429
5336
6904
6940
3489
6709
6513
3692
7762
1971
6942
6125
6057
925
6837
1455
4961
2452
6862
8038
7305
3812
2248
5656
5700
5574
7149
6660
5043
1926
6418
2314
4900
1057
4752
4439
4525
4214
4454
1819
2701
4398
5227
970
1720
2710
6799
4373
364
5708
1299
6121
6632
1174
1424
2099
3034
2547
5580
7714
7099
745
4813
4503
2378
1521
4966
6700
7951
3965
7511
1897
4566
2855
4903
7343
7828
6724
1725
2948
1707
1493
240
7610
2793
5712
6527
222
4373
6215
4458
2514
1764
875
2523
1001
246
5342
51
5154
5446
3895
6994
6373
2044
1918
3791
5680
180
7405
2325
2246
7937
5948
7658
5494
968
4258
3413
472
5247
565
2986
1338
5395
1085
4870
5473
3204
1377
4130
2654
446
1864
2549
3883
2394
3267
7653
2013
3703
4808
2166
1380
2308
4191
6994
1130
3007
6622
4424
1391
4053
1634
4660
5760
4988
3606
4354
5948
1159
7319
2218
3213
1248
6452
5973
5548
1451
3631
6596
2884
5087
3955
7255
6556
5216
7707
6490
7854
982
133
2036
2510
1029
1054
6299
2530
938
2445
7572
7026
471
29
8013
127
83
4534
1916
4942
5420
6403
1572
2997
3225
5563
5544
2308
4214
4582
6152
629
6714
4362
2624
5041
4948
7771
846
2822
302
3169
6449
496
6950
4994
3272
2254
7562
4905
2129
3084
6547
7398
4998
3613
4858
7565
2738
6622
7725
2248
2529
7686
8062
2777
1310
6476
2669
3503
4556
4834
6952
6059
2613
2633
7601
697
4322
1425
424
6037
4606
5288
6039
59
5359
94
5877
2398
5463
971
786
4353
1086
7331
3566
806
4207
6992
6738
2000
6332
7012
784
3441
1369
3937
7340
269
4226
7813
7983
1546
510
3305
2613
3756
3336
2619
8161
7713
4993
6810
4471
973
6088
4263
3021
6407
38
6823
2498
6981
5122
7418
7361
5780
6841
5830
7053
3157
5179
1532
3637
71
2597
6420
2653
932
932
2311
2762
4200
7991
5692
6289
6803
6747
474
5525
4626
2523
6952
6272
6819
3076
1846
7300
921
4094
6223
4299
5788
6495
4823
5258
2635
2588
3923
4425
7843
5884
7550
1050
4610
2163
5529
1842
8068
7032
3377
7278
5065
6656
4722
5885
6721
367
7474
2612
8066
2351
5937
7258
2703
6558
2076
2000
132
2051
4576
4412
6877
5885
4516
4222
2635
6463
1986
389
1057
6025
5273
5222
497
7202
1082
3329
6810
6243
3213
6916
2955
1044
5889
8088
2261
1841
943
5571
4672
4064
6429
6608
4663
3881
3090
5561
2828
4546
322
1696
5418
2807
5639
1440
7730
6473
1703
903
7269
7505
1511
1932
817
7229
3373
5235
6331
213
3865
4511
1137
6481
214
6346
3585
81
6936
4063
2099
6960
6322
1619
5958
7582
7774
5597
3727
7314
3443
992
6182
6481
278
943
8062
2463
4784
4706
6755
1978
4869
153
4766
2038
1726
5078
6251
6579
2202
6623
5374
7546
5710
1666
3314
2779
5365
2306
3362
5414
2052
2513
6596
6292
4542
3447
6069
7840
4122
2352
484
1661
6574
5397
7422
4313
5752
8188
2408
2904
3482
8025
2029
5798
73
1250
7451
499
1868
2509
991
4820
7061
3793
5005
3873
1527
7601
1671
1703
7135
7059
5067
7369
693
7501
48
2063
4224
2142
7998
5189
4565
1192
3354
651
6307
6813
2486
2021
6452
7101
6373
5108
5767
4483
1319
3068
1728
1505
5523
3186
2896
6312
672
4150
3298
7009
5964
7104
835
2351
359
580
2720
1236
151
2173
6597
6298
8077
6501
19
3442
4214
2922
2522
2137
1965
2886
6858
1075
8073
3679
6575
3237
5076
2311
7013
615
4497
41
546
5100
4122
5129
5418
461
3779
4797
309
4981
7265
6548
1640
4419
6698
5333
5176
3483
3818
4583
6583
3367
166
3376
4764
2145
1460
1955
6846
151
7372
1003
3835
7638
2660
6957
2926
3192
277
7089
4164
1877
7793
3137
1497
6070
790
3106
7722
6478
4296
2631
7993
6081
7191
55
188
5682
7640
7522
6039
5350
5201
2235
1750
5047
6175
2364
7
2590
533
5158
6775
1714
3960
2016
6540
1905
6741
7855
6746
3761
6355
6032
5473
4984
3594
4869
4601
2854
5043
4546
5691
3077
5875
1513
2176
7626
6852
745
6159
6845
199
5607
7444
1825
5557
129
7038
1098
15
5204
7838
5449
2766
3164
2087
2859
2668
4718
7596
4294
7125
937
6623
6063
2094
7350
5280
1532
2646
4203
7460
829
4936
2920
427
6246
5548
2459
6410
836
3886
5542
5336
1172
6479
7751
3279
8164
2878
572
3112
3960
6040
407
817
5797
1972
3138
2998
3036
5706
6822
2791
7792
3413
6290
8149
2404
3641
6519
4965
4134
2558
4509
6512
3899
797
3043
489
7039
4867
2329
8115
709
7902
6718
4886
606
6284
5099
1320
1600
3063
3498
4937
2780
2021
2798
1644
1817
5891
227
1897
609
3484
3701
1572
8054
6795
2746
1756
3275
5896
1522
941
6330
1295
1861
1305
6373
6464
4601
6871
4994
3569
458
390
4935
6476
318
6662
5259
6301
7048
1972
7585
5351
5475
4311
7389
7966
2019
2452
124
1132
7781
4166
2733
2235
46
2750
8005
3892
8182
7116
6469
7888
3941
2341
7163
500
7179
5334
5434
7126
6937
2298
3786
7120
3823
5895
3106
5826
8173
1002
272
6773
1442
5121
2906
1749
592
6767
6474
1682
3717
3856
1126
5370
6085
3580
5605
1060
433
1737
6392
659
7478
1532
4063
627
6835
2378
6001
5809
3265
5448
4925
3994
2360
374
4692
7236
7050
6789
1070
4262
4019
2673
7483
7732
880
5400
6862
8161
1447
1921
3836
6056
2336
4713
136
2607
2939
4387
509
7465
7867
1748
1488
8154
908
2051
1029
5479
6208
5730
2952
7573
5520
7701
5795
5106
901
1271
1522
7592
5511
3029
7147
653
1352
1307
6369
4264
3788
3359
8165
5079
2151
6695
2614
1015
6785
7441
6293
491
5894
5686
2841
6693
612
3189
3657
6231
693
5116
1942
6085
6611
761
6146
2163
2924
7946
4289
2477
4767
3533
7168
5601
773
5137
2181
5605
1468
3856
6599
996
2049
6028
7542
7305
4618
1609
3883
1666
8187
5366
1056
2151
6363
1466
664
7631
3083
3161
4645
1358
7837
5733
8071
687
7802
1829
7039
4695
4471
5835
4854
6934
6802
3678
2903
5155
4001
3248
7998
4911
2556
6399
3002
7928
7584
1401
7313
6198
1935
232
5204
7340
7546
7547
5564
175
4898
2587
607
552
1282
6153
2797
1100
1980
3380
579
7566
6906
618
3541
1343
2731
468
2043
2893
6778
2889
7975
3136
6887
4024
2825
4605
6155
7858
63
5310
6916
7214
2033
3081
7059
3444
706
4082
4839
7211
4977
7348
3237
1055
6432
4935
7887
227
5944
7814
214
2389
2370
4698
1358
3544
6279
4539
8044
6962
7952
7640
7405
6511
5117
7433
3493
5960
8101
1998
5929
3918
3964
1062
5405
5253
1226
6649
2726
4264
6169
3787
6437
623
6825
4370
566
7721
6862
2755
6761
2052
418
7481
3133
2120
6785
2595
1749
7244
6121
3274
6128
1336
6215
1482
7149
7651
5888
7095
3428
1119
6656
6432
1586
3315
3829
4808
221
1668
2809
4486
4607
3141
3821
5150
1275
591
4857
6560
7075
603
3382
3888
4190
7347
5168
7789
2169
3251
206
4695
2233
1115
6285
6116
2305
2408
3701
1661
5070
4749
7310
6904
5940
2724
3564
4866
2110
224
7658
2320
6011
7682
4669
3589
6598
962
656
6962
4010
6754
5991
7600
8105
2086
5758
1897
5238
1166
2103
4553
5239
5631
6176
883
2302
6611
3462
7048
5875
489
7858
1261
347
3394
5395
4453
4604
4205
5691
4208
7070
934
1293
2644
7110
657
2431
6078
5706
3306
5148
4443
6693
4560
6227
5758
7174
1508
5672
3858
1499
768
504
323
1883
592
6464
625
3287
1595
1762
4966
5562
7813
7318
5044
3181
3541
3713
2742
1971
7779
389
5701
4001
4807
4324
3230
3576
4251
6024
5003
1057
3853
7876
975
473
2993
2453
7702
6725
6428
6258
3706
3007
5838
5783
5460
1395
5863
2233
121
5052
423
1458
5835
2781
2169
5404
2606
3513
6735
3332
399
2447
3625
8118
4446
6998
5132
4405
2111
5947
1117
7879
4964
5693
6871
7924
5829
6430
84
5526
6484
2140
3949
2822
7523
5520
2005
4477
7590
2127
4093
7892
2564
4508
4571
7990
1385
3687
6950
510
4252
5540
884
4983
271
876
2776
7945
3951
5895
5758
6467
3603
2722
7630
3545
5872
4310
3310
3606
377
5930
6520
5813
3837
8031
4974
2902
1198
4476
4536
2723
841
6765
5728
5438
3892
653
3962
428
6517
5954
2086
4263
7488
4863
2200
746
971
4743
6402
2908
768
2702
95
4930
6004
2954
7434
3692
2598
4937
4412
7833
6564
7518
2566
3145
484
1353
6778
6796
3381
1977
1746
6429
2888
4446
8116
5591
3163
3686
5293
412
7866
4008
7002
2653
7450
4129
527
6473
2441
6252
3138
4183
4860
5631
387
582
6322
2925
6687
4501
3011
3431
5655
6914
634
2889
5991
1516
3831
4381
400
2855
5516
2507
4271
5969
4910
4707
2676
6064
7237
7556
2747
1984
5773
2154
1359
7849
3008
4600
3896
713
5603
7469
6645
383
2516
866
6384
2778
4340
7843
6638
1403
6637
2308
2103
7805
6181
2411
487
3206
5609
2706
2802
5241
7033
3443
3158
2440
4170
253
4985
1613
4003
3343
376
3480
2565
7041
6948
7807
1252
3267
5154
7238
1957
7264
5703
3098
5021
2483
7259
5147
2984
6983
3196
738
1007
6494
5504
5697
7699
5448
7849
8155
2115
1825
6878
1954
2483
7847
5963
4678
5095
5137
5773
7947
215
230
1170
292
6907
2984
6635
4174
2780
2129
2361
883
5186
1802
4370
3838
4839
4301
372
5146
2817
884
6821
3044
6108
1695
7218
4441
5499
8134
7997
6822
6634
1843
7385
1571
2899
3325
2611
337
6209
4429
3175
5622
3742
5959
2202
6511
2694
4364
4112
5085
3161
1538
2984
3460
3174
1045
2025
8065
4804
5818
1586
6667
6463
199
1593
5465
190
337
1386
1878
4377
1005
7453
3715
3625
1215
1972
5301
1998
4678
3613
4866
4030
6200
5068
5644
5133
1520
6380
307
1078
6947
7540
3684
3270
4983
1910
4591
8184
91
4094
833
485
4473
1264
6941
4757
2034
3375
3202
4964
1016
3303
5148
6099
5350
8158
2760
1418
3391
4517
1066
1171
5341
2987
5282
7677
2639
5672
3359
8113
1702
1690
7620
2275
2323
7441
3673
606
5251
1478
1999
5626
3508
6268
845
7566
2329
959
5210
612
2000
3456
2733
1901
2182
6679
160
6062
3482
6499
6424
7938
1713
7957
6274
4654
6180
3321
4529
6465
4781
2867
4287
3269
2699
761
814
1905
5145
1951
2603
6219
532
76
6449
1287
8035
541
830
2275
6416
6329
2257
1216
6850
1819
8165
343
4458
1174
7182
2960
1630
7011
6362
2312
4828
2064
5607
675
135
161
7656
5972
5076
4563
2090
3328
4658
4152
1392
6685
4569
3098
1161
5348
1033
878
4917
5679
7079
33
4184
4204
2342
4222
4612
514
7671
3045
2442
2545
4571
673
2599
5064
4856
19
2162
7763
6656
2656
2879
7094
457
923
3744
387
3194
1968
4408
5826
3893
5546
4610
3582
3549
2584
7788
132
5882
7712
7223
6284
1186
6141
1827
6001
6645
7355
6824
2684
1583
5093
5687
8070
2958
7300
8100
7309
7770
1531
4762
7481
6829
1945
4279
2343
3240
414
4257
7657
1127
2825
4629
4770
7674
7418
5323
2854
7718
8186
1438
459
3058
7773
7353
6458
2347
3390
4827
3727
6864
3482
3326
244
6721
5188
4771
4626
7309
4747
7953
5211
842
6232
6776
4509
3567
6994
5544
2017
6566
7685
774
6222
7059
479
6700
819
5459
1300
510
2618
5395
657
4936
2415
710
6729
4748
410
6896
757
4469
1209
7177
8026
4755
4917
3773
390
2692
323
7121
4538
1958
6368
7268
694
3691
5293
1173
6348
8035
2312
4460
7421
507
6072
4732
1550
1232
5114
3712
5531
3770
5320
418
5964
5293
443
6014
3160
6484
2383
3324
2019
6163
4350
1393
7259
5427
2707
8189
2103
4990
7898
1438
7578
4969
1576
6769
226
2211
2354
4783
5689
6456
8091
4416
3320
1918
3353
7113
4448
6984
750
3875
7910
739
8041
4599
7623
5175
6246
6756
7916
1049
4312
4580
65
4951
6349
422
1614
6043
6121
4109
6546
7221
4161
2557
634
4988
7632
3696
7532
2336
7048
8112
7074
1785
842
95
379
713
4132
3966
2432
6730
773
5389
6711
3787
7659
2956
5795
976
5668
2800
3119
8182
4344
4333
3181
5664
4902
7503
2547
2113
2926
1462
3103
3826
5675
6121
2954
5375
7408
3743
2623
4569
1713
4122
2483
7973
691
2589
1510
1996
2849
978
2197
3538
4567
1343
2303
6745
3592
2496
7980
5793
3765
2692
6196
5752
6377
1038
2654
2127
5298
3848
5064
1794
7953
2332
6771
2542
6109
5123
7468
5624
7674
1644
7276
6494
6212
2744
1788
7759
6608
4124
5114
6930
4806
2044
772
7626
490
1899
3458
4382
6834
1469
4466
8148
2202
378
1581
4767
996
6438
7312
41
6766
4483
6071
7470
596
496
3858
227
4872
3968
2857
5945
3464
7546
1833
160
6613
4921
3860
3793
3119
4911
62
4062
7011
20
693
1731
818
3541
3319
685
7179
2833
2716
2465
4134
201
2471
7866
7899
2638
3407
4129
6158
2693
3651
6402
5153
5327
3016
6512
2556
6839
7750
2345
5416
2911
5944
7891
1849
3929
6989
3310
331
3373
1401
1218
251
4589
1445
6936
1127
663
3691
1923
3384
175
6854
2106
7757
7357
3108
1858
5419
6845
7289
3306
7656
3730
6338
74
6303
7681
5115
2528
6531
6661
1116
5395
5947
2007
3443
4588
2437
1134
4936
361
4355
3472
4545
2281
7863
928
7523
4062
5000
3223
2848
3241
3674
5468
5803
2563
1078
6081
8134
7620
4272
6324
1625
976
7535
6415
5684
7973
3759
6130
3986
5202
6312
3480
6010
111
1076
7693
398
3168
1526
3090
4161
5827
4382
5936
4727
31
3458
859
8157
1571
838
4703
6446
2300
4149
419
3059
6726
1114
1782
4197
2661
7746
5056
1817
4891
5211
5763
6264
5542
3294
2404
225
2251
7977
6974
2557
2579
7340
6212
6949
6205
4006
4712
1803
5343
8011
6166
1499
2319
1547
3212
7091
2463
3340
2353
7397
1588
3410
4446
1445
6736
4734
1595
122
3271
5288
8084
2894
7124
4276
5035
7042
3645
2358
6699
830
4227
6496
4322
4709
1232
1074
7196
4301
4634
901
4287
4884
2789
7257
1806
1598
5108
2684
4969
2625
4515
7773
3388
4021
7858
4602
582
7362
2428
3513
2650
5387
4882
874
3659
2682
1640
3765
330
5449
4807
1896
4698
3244
1596
2924
7794
2070
4903
224
6321
5195
5159
3684
5412
7028
1976
7164
1812
5901
6584
5775
466
4747
6499
1656
6279
5069
1618
7991
2581
3875
7987
968
813
6892
3085
1669
4829
8098
977
1020
3279
2853
253
1477
1542
2068
1027
2371
5961
6721
5485
3095
1893
6598
843
2129
868
2141
1375
1125
2971
6427
6301
6699
5826
5810
4890
3300
5864
6535
7846
3131
6821
6749
1304
7504
5100
2029
3172
532
196
7074
3448
1606
971
6891
3992
5066
2660
4143
4649
5800
7017
5723
3292
342
4760
7837
87
8073
5271
5588
5479
1372
6841
2380
3474
1201
661
6700
1470
1433
4507
6503
7257
7719
5850
7708
6002
7001
5143
7094
363
6812
6508
2170
561
4741
5486
5052
1126
2368
2638
5732
1888
5872
749
6932
1213
6439
2881
4425
1356
1544
2743
3405
3762
1793
7387
214
1793
6216
34
2488
7006
7189
3080
2206
4480
6583
7668
2876
2122
6076
6935
3022
657
5131
3724
1197
6485
7505
785
1963
6305
6609
5656
3491
7140
5159
5513
3631
5427
4750
6605
7001
4034
132
5584
6592
5817
2137
543
392
213
7104
2754
4
4896
6125
7298
178
6584
3474
1522
2686
7936
6966
2547
6040
7146
5617
6966
456
3021
3169
2946
3507
2319
1720
3445
2549
5247
4972
3010
5992
6996
4539
7431
40
6736
5841
7080
5279
6038
4165
6358
8011
6301
1298
192
274
5663
5297
8097
3558
1690
7190
6804
2403
4843
4689
65
6895
126
4066
2697
7315
1897
6824
8082
7214
842
1281
6168
7399
7069
8061
20
5895
54
2198
5258
3445
6908
6230
4182
5112
7810
3880
5775
1515
2939
5797
5999
3729
5371
4245
5531
2041
2458
7937
483
5367
3816
4339
6061
2731
5398
2819
6449
5501
4169
5128
3491
3491
3132
7934
3229
3191
4478
8171
4845
7047
5244
6294
2686
3971
3549
3507
3157
2339
1593
2085
4028
7313
4628
7343
2720
2160
960
2451
1419
6122
1309
35
7186
877
7424
7966
2700
4740
4134
7743
6781
7773
4665
7811
7479
477
2851
34
8151
1380
7813
4807
4749
957
7374
2833
6009
1135
2086
3299
2304
3301
3742
7351
7364
1050
4735
2906
5593
1226
6101
651
1527
1477
757
4267
7129
474
3353
7537
4922
5024
6622
573
6617
5035
4775
1563
866
1677
5090
4584
7890
6426
3324
1345
2606
5682
5832
3972
7260
5995
4611
3043
2598
1567
5694
7252
3609
7408
71
2013
5323
3561
6250
5082
503
4562
5461
4888
2726
3733
3675
761
7733
5236
2148
3233
1249
2801
5908
1671
5477
5683
6075
1283
1260
2649
4024
852
8158
7377
5651
2202
3519
2955
6327
3631
6026
4025
2954
5942
1360
633
7456
5488
6260
4457
7008
4609
2421
8094
358
7543
3324
5755
7685
475
347
3853
5555
3812
6101
2050
5153
6321
4369
3832
679
3288
6572
2871
4181
3617
6194
1198
6802
3554
4727
3104
4345
4623
1683
4499
754
1657
6309
2001
2605
1070
2682
6155
1065
5977
7248
3852
5126
5311
366
596
4461
5810
6142
1952
4295
3003
4268
4889
3538
7794
6032
4927
4216
6535
5359
7196
1017
7745
5172
3991
2206
7427
663
2201
6560
5524
1744
6283
594
15
6042
621
183
2196
5191
8082
3427
5442
3730
2944
6188
2751
1547
2823
3313
494
1833
4007
4456
3597
3636
3978
4479
3657
2110
1919
2808
5782
1938
2730
3637
4916
8036
6963
3836
3422
5869
1013
6758
355
3986
4511
3178
7973
5990
2549
4521
350
5744
2081
1065
4728
7598
431
5125
4475
7192
1368
731
6409
4731
5256
528
3702
2335
1921
6204
5929
3625
2998
6093
296
586
4051
1862
6404
4676
3716
6628
1963
7733
2356
1909
6279
4768
2244
908
2583
3305
3851
2906
2149
1961
3500
918
5529
6170
7397
6490
7085
1446
2629
4517
6967
4948
6380
6827
1795
915
5289
4383
7884
3505
4617
4134
1327
5976
3355
1894
4314
6316
1966
5721
264
5441
484
5025
2579
3771
4574
5987
4038
7933
2818
4944
7480
1743
913
1809
6942
3381
4217
3724
8048
6300
2266
5781
1529
6195
7488
2767
2814
4409
212
172
2031
7186
8001
2851
1614
1450
5529
757
5302
6205
5855
5986
780
5755
7441
1893
2454
2284
7222
1483
1039
5187
2093
4235
1240
1822
6714
1382
3663
5310
6945
2376
7464
6097
1451
2348
2535
754
2579
7436
89
617
7871
1477
1425
7980
4132
6539
7368
2952
6609
6325
1318
2667
6028
5327
1743
3646
1270
7874
5542
6558
3959
3709
110
4319
507
4078
4683
4276
5537
1371
945
3462
7605
7057
6528
6031
641
3160
7694
4619
6116
7008
7296
6508
2665
562
3318
7888
3423
3741
7491
3327
4336
2217
2245
2234
7456
3537
2720
7681
7707
7961
2214
1960
3357
736
6016
4675
2305
3463
6346
2952
6131
4877
1231
1716
1608
5899
6502
5265
1870
360
7488
5559
4455
642
4070
4526
5096
1239
6699
3683
6898
5404
831
7626
7278
4194
5310
3525
3512
6361
6971
4389
8155
6215
7228
8101
5265
3640
4966
7950
3512
3469
665
6246
5783
2871
1949
5249
3410
2364
3335
5469
3754
7510
7121
4790
1868
2257
7901
1164
7354
2093
6907
5885
2392
6884
1242
2993
6904
3652
5328
178
6802
1134
2588
4205
3197
4030
4953
451
6480
2073
2618
4266
1140
2704
4441
7532
124
4725
3917
7873
2958
4552
6901
7751
2886
3440
6990
144
1356
2577
7733
4639
610
3557
4570
6744
1519
2028
4968
209
4174
686
6277
2076
5212
7887
1045
2204
1876
2436
1032
7668
192
6388
478
3954
1430
5870
6453
5712
3720
4638
6380
3753
4159
5481
2779
7163
5413
908
7742
5047
7087
909
6941
3986
2123
2935
2436
243
3736
2648
5832
357
894
3627
3654
6210
3535
3659
2886
2736
4188
6575
5967
2683
1880
762
7531
6874
6430
7276
2501
6998
7269
7294
2137
2808
4382
6302
3718
5754
3728
3846
7370
2241
7558
4407
2840
4166
8160
7882
6802
392
7584
2527
1602
7258
631
2177
494
4720
2977
6725
417
5864
519
6657
899
4999
5951
5508
1815
3583
6705
5390
3071
6897
7334
1662
3936
2041
7292
2516
1613
2619
4031
8034
3062
1014
7491
2636
1843
4531
4546
3338
4903
4631
7252
7723
4378
5323
4258
3661
7146
1442
5796
5631
237
7941
4168
1884
4574
4965
366
1217
6512
5790
996
452
1155
7728
5221
7212
767
1962
3118
2431
1199
6720
7666
6269
3877
3108
478
494
2151
6534
1298
5561
6668
7964
3566
1677
5137
1466
6995
5636
7462
8134
2484
3338
3122
1577
7099
3099
5484
5459
6252
987
6821
5729
2448
3695
428
7926
5045
7187
5163
2911
7788
4159
8036
61
1584
2621
3123
51
6864
4662
5765
7584
775
5745
7666
7303
6306
4521
2085
7808
752
3927
4324
4398
4876
6099
9
4074
5858
1308
1601
1904
981
8057
2134
2969
4549
5281
5472
7149
3831
4103
3602
5336
7474
3149
535
141
5748
4837
4274
1213
775
3740
4512
6594
793
6519
5311
1727
1025
3540
7679
7103
7150
1153
6534
1119
344
5926
5007
30
5891
6933
4102
6157
1044
8018
4211
367
6541
1731
7988
3756
7855
738
482
1354
1658
5851
2130
6429
7254
3374
903
7577
4948
1359
6532
2706
5648
8025
2617
6247
7025
6789
4891
6819
2749
5526
4288
8021
5898
4968
4789
6525
2135
1775
1038
1946
7203
1346
6077
3586
1820
4115
6727
5004
6446
6093
313
4089
90
5677
1155
5658
6328
5352
7097
5399
3766
3364
6617
7496
7919
546
3877
5929
4174
1750
8037
4861
2343
4928
18
2274
2403
5383
5655
3137
6822
1041
86
4195
1774
2336
7821
2925
6473
463
2066
1522
6606
4548
2303
6933
3335
5890
7931
8018
1337
886
7731
6079
562
5465
983
7968
2888
2672
3168
1685
1684
7778
3597
5531
3277
1843
7220
2719
1850
5631
2323
2117
8161
4850
7647
815
5853
769
6385
5315
7428
2074
4055
4646
3747
702
41
2402
8084
5136
1794
6226
6125
2373
2658
5243
2409
666
125
5590
7647
7362
168
4374
2816
4982
3521
2362
8083
1791
1836
6320
5719
7029
3865
1987
6445
5163
6814
6005
6761
6746
5534
1714
1795
3439
6134
6959
147
3732
8053
8109
5311
1901
749
1187
3070
2429
164
1321
7169
8099
7072
4693
2104
6235
6699
5962
2998
1140
835
2049
5872
137
2720
6478
7616
3309
1635
2735
2761
3772
834
4488
3575
6716
1380
3671
2599
4708
6541
4256
4998
5559
4484
550
881
2136
6997
6504
1280
243
7741
601
4520
2261
3528
669
2988
432
6772
872
4027
1900
1291
3991
3630
476
4359
6373
6628
362
6925
6692
7160
5799
2542
5775
552
7000
5333
6564
7648
5208
5722
148
6144
6932
4454
7059
2230
762
5619
2980
7618
5684
6426
5189
3750
7893
6678
7666
5934
7060
3138
5579
7241
2487
6198
3573
3494
2446
3198
5914
7003
5739
6821
3606
3087
7211
4288
8186
8096
6701
3372
4792
5137
380
3698
6644
46
4199
7649
183
1076
38
1441
4586
7371
6054
7290
5307
7625
4861
6847
4182
5586
4144
6825
7038
7718
5969
2891
3451
961
2506
4912
5684
7357
4202
6796
5102
7377
7356
7909
3834
6034
243
5609
760
2485
2839
5111
2798
6559
6272
2510
7538
8131
877
1757
7029
8064
7020
4804
6431
6683
156
1199
7329
1255
1038
37
5371
770
7522
1189
5285
5971
3757
5852
2414
6186
730
440
4505
875
6780
5155
6510
5041
5923
3446
1445
6083
7409
7206
5371
3894
1324
6857
2879
3554
2843
442
289
4241
7214
4490
5051
6878
126
6904
5872
5038
6513
7780
3629
7582
204
5067
7201
2878
1222
513
6228
6394
2620
3677
2730
6263
1314
3038
5876
5945
8185
4656
936
5492
3161
7529
6810
4335
1152
2837
7360
1770
5751
2400
5925
1890
1733
967
4617
7412
6613
3150
1882
7063
3342
4891
7277
4244
1
8167
5675
6474
443
113
633
2601
5742
2793
7062
1334
1246
2728
3012
4535
7919
3101
4550
5408
4938
1767
5180
2751
1234
7890
4653
2867
675
3067
6360
7569
6889
7573
3253
5261
1913
1846
5982
614
28
5026
3569
5902
429
4202
4509
4447
4510
4661
1565
6930
6977
7444
2136
6417
1163
4218
6863
5471
4050
6450
137
7254
4058
1718
47
2145
3381
6820
7502
5762
5288
5908
6177
7913
2483
5624
7534
2953
3463
8095
2699
3242
1401
763
194
6474
5179
8006
4713
3370
7784
4282
5390
604
6250
8017
6293
103
3433
4785
6648
4279
6702
5137
7442
1714
3643
4937
3273
1451
2574
1047
701
4359
1726
7094
6039
7854
1101
2020
4524
6622
216
2223
7705
5369
2155
4989
1450
6331
7726
6512
3325
5927
3603
5115
4717
4086
7794
6227
5085
1997
4456
4612
8178
791
4957
1817
2625
3002
7558
6043
6498
5926
7735
4171
4232
2442
2111
2726
3048
6285
2423
7332
4278
2228
668
4689
3825
3291
8141
5304
465
2085
1190
6473
7296
4407
4416
7002
2818
277
3670
8008
2721
6181
3588
4682
3657
4759
2185
7492
4417
2769
7492
7595
1276
6947
7804
3761
2509
2546
2840
5247
87
6762
2092
6164
2935
3414
5953
1951
2447
6888
5091
1886
4424
7523
3520
4057
1194
181
4378
2229
5730
2100
3784
2340
2493
4383
7600
4903
776
2465
7742
1836
6865
5413
5874
6996
3914
4540
4124
2870
3281
1716
726
2537
5226
7916
1263
3948
1215
3098
6704
6331
394
502
5600
3855
3315
3589
3355
5351
2871
6011
4319
2428
7871
4443
5601
5449
2543
7717
3220
3066
4233
722
1921
2444
1148
4039
3071
2415
272
3490
5441
5472
304
7821
5511
1710
5167
5621
1760
5924
7615
7826
3258
1641
5600
1146
6843
3213
3352
505
7763
1238
1162
1390
5453
7429
5113
5977
7204
2406
8013
7265
4236
3963
6731
3664
7937
7422
3052
359
4969
5296
3830
8105
5886
3604
1091
137
1832
6074
8096
89
924
6820
5983
4831
4527
1767
6020
4480
5193
3768
2081
4811
6458
740
2888
65
1447
6043
7806
5111
3237
3158
3549
2964
2396
4084
5622
53
7473
3293
2900
6203
3786
7810
1238
7748
5077
522
2778
113
5779
1591
4665
5031
5890
5734
2478
5106
4354
3950
4696
748
3602
5225
3200
5524
1571
5918
4968
4208
1085
5903
1418
939
6402
2538
476
553
3933
2094
1941
4936
4946
6366
2812
1501
6878
3084
7729
4570
4775
1907
6654
2155
7010
2137
1106
1788
4501
2000
1974
7393
816
1937
1132
5362
1511
428
5180
1170
121
5522
1322
5198
6485
1698
2700
1731
150
6812
4858
7406
8096
7148
26
45
52
75
509
5003
89
636
4211
1081
300
7383
228
1116
2666
1457
5505
4903
1506
4712
5405
1164
5778
48
4744
6464
3505
6677
1738
1524
3666
2265
7112
4449
5780
1416
2550
1878
1134
2662
4144
685
7428
3877
7852
3130
1349
3779
6694
6499
514
6757
4460
4884
4042
4582
5825
8141
2442
4362
7722
6543
376
1272
5964
7424
7626
7909
5484
3650
8113
1123
763
7475
4008
7024
2236
903
8173
2763
6546
2015
1013
671
2698
4620
7417
1171
1611
7922
7890
1849
1771
6083
7771
1432
7463
1699
4599
5397
14
1889
6421
5200
7637
6660
481
390
2059
6439
14
878
2616
2005
7569
2932
2916
4360
4094
1751
5506
4553
5803
575
4371
6472
5909
1351
1920
7558
1334
2251
1575
2911
1801
6572
2660
6621
4041
2850
7470
5172
92
5414
2502
5106
2742
840
6564
2370
3722
1603
5789
5912
5963
3477
4402
2330
536
5739
6496
3617
7853
1017
4345
3836
6206
3740
2323
4913
6334
536
7160
3122
2484
1309
1597
97
4613
5013
3434
1642
8153
7319
6726
3805
6403
2104
5110
6230
4754
4189
5147
4453
2702
7294
3876
1055
5207
7456
7089
7052
5469
1490
6355
4403
5220
5238
4156
379
4095
5210
7927
118
3988
1863
3534
5940
2281
4084
8130
325
1163
3137
1686
4209
2824
6276
1282
2119
6691
3000
1311
2004
7691
6474
1966
4836
1247
6764
3307
723
1090
6093
4429
6986
1557
4675
2521
4053
7342
1948
2211
6872
2247
2536
2536
6410
417
1924
7493
2977
3195
2598
3040
7451
2771
194
6623
2536
7876
5868
1377
4748
5941
1961
7775
2484
1321
7765
3615
1678
919
6935
7968
6842
6933
6082
6753
5736
7362
3158
12
2967
1077
1807
3942
2277
6888
185
1267
6446
3179
5591
2242
5137
1202
1804
2933
4178
7277
4124
2937
2953
7147
4525
1311
3587
2031
2008
7272
7150
4993
728
2730
951
368
7944
7269
8037
20
6382
4052
876
230
376
17
4683
6376
4921
7825
7428
2359
7849
5237
3684
283
3717
8137
4609
1719
1867
2591
3808
3499
2295
4863
6958
1652
4967
1888
812
4820
2729
604
2380
7356
8073
1196
4627
4023
6431
816
6234
298
7506
5715
6956
1846
686
3192
4290
4428
4498
5977
249
576
5516
6297
3989
2370
3447
5635
2008
6896
5203
4388
373
1368
5427
3751
3887
6365
6650
6908
2666
1177
578
5134
1711
5235
7605
3302
2050
2821
7193
4015
5677
1115
624
6599
5289
6752
5084
2651
3450
7868
1096
1621
6547
7132
849
5798
5869
1418
1845
5857
656
6191
7593
1541
7739
5878
3373
2948
6630
3577
6577
2649
7848
1991
5447
5719
261
6453
1284
3410
6736
4629
5223
8098
3812
3480
7372
6719
3129
4062
4894
4061
157
215
5843
4481
1589
3010
2368
2173
1295
5217
6578
8074
487
1249
1038
5046
1232
1787
131
2982
5783
1650
5201
3452
3580
8174
4722
1620
3576
5332
384
6568
5031
6724
3672
3594
1787
2519
4605
2788
6082
3303
2983
7462
4679
1679
663
4232
7756
7867
508
3566
1624
1168
6996
5317
6988
7175
6462
5073
6959
5938
1905
743
1503
1693
1369
279
1455
1843
5669
580
7931
6363
5668
726
4267
1244
5120
4816
5556
6062
6194
7624
6685
817
7193
3167
1282
4466
6458
3280
434
7360
7553
5635
5390
4365
8003
2913
7155
5185
6804
1751
5156
5837
2965
2724
5314
7980
7040
7961
283
1792
2885
1264
7458
6175
4500
4730
4851
2386
804
5724
6742
7365
8190
1419
6690
6779
8114
7262
3914
2033
987
3409
4323
298
5868
5272
3517
7005
5109
1821
6021
3893
2632
972
7129
5516
7002
4985
1292
5670
5062
7311
2582
7313
7288
1203
4257
3864
408
1163
1724
2723
4714
8129
7194
3109
2812
7467
3055
4785
2214
6766
63
6519
1014
1323
1867
3910
4099
4699
4513
2044
6674
3028
3498
6033
5340
852
4056
6054
4934
1576
5021
2091
3357
143
495
4741
5548
2122
4223
1056
2694
5229
5398
3896
8046
4043
991
2762
5568
3184
2007
5276
22
4435
1625
4845
5549
4178
2390
3196
1251
2444
3316
7203
6582
3186
7316
2710
7482
7485
2379
1474
3042
6128
1348
2926
3579
4164
7690
4035
2378
1640
2007
6545
6012
6067
228
6511
7909
5379
5120
219
6076
367
8028
225
5408
293
6933
6468
892
787
5916
6675
6837
6990
4349
5393
5631
313
2897
3936
370
5162
8062
7486
7183
8116
4863
5056
7531
6890
3655
6468
404
925
5518
7112
6866
7856
2183
827
7777
3710
5861
2016
6972
387
5066
5949
4170
757
1139
2663
5342
2761
2256
7398
3544
4258
3369
1346
5727
1205
6135
5093
3298
3431
7647
4671
1868
5746
8190
1176
5439
3487
74
2994
5932
765
6905
1606
6673
2416
788
5407
2540
6160
8164
3776
2761
697
2379
788
675
5999
900
4567
7530
1354
5901
8134
6437
842
1366
5238
2855
3668
2629
2672
5231
1592
7737
1002
1521
4466
7213
5974
2928
1117
4773
3403
5753
216
1602
1070
2067
2963
505
832
8176
1697
1086
6924
4572
6824
2212
6502
4926
4975
5087
5846
5576
7035
2409
1635
7136
7904
3667
2867
3669
5823
2644
6372
3682
887
2174
4824
7132
3805
7429
7945
4460
2183
702
4942
3556
2919
4478
213
6472
8061
5841
5783
1619
7426
4244
3089
4695
7721
1678
6721
248
5003
4869
7563
1259
7688
2608
2547
1706
2237
2310
955
22
7432
3862
1216
6399
684
343
2743
3937
3797
7480
2703
7904
4852
3942
1359
140
4829
4353
3317
82
5993
2085
909
4805
5599
2115
4826
6089
7300
8159
4933
2063
7949
895
947
7172
3538
8090
8067
1815
3423
1500
3245
7693
3000
6228
3985
5032
993
1956
2882
6504
7802
749
2894
7464
2108
3631
4027
4989
162
1566
3653
7031
906
8016
4622
6901
8101
6001
4475
601
4508
4923
6975
6972
6017
5563
573
1242
4446
1776
8058
970
4926
2263
4134
3801
2945
1668
1680
7792
2446
2274
7053
2788
1485
6094
1745
6574
2646
496
2366
8113
7127
1604
2272
790
475
1836
2727
7080
4626
6957
6579
8142
3283
2159
1087
587
3478
546
6996
4929
1881
477
7680
24
1070
3910
2775
79
613
6381
2143
1302
4631
8126
4782
1020
4127
7300
5868
3168
6791
4558
1897
4839
5029
5978
980
6303
2337
3005
5017
6632
1450
6252
4713
4273
6125
353
2539
1971
5561
4504
1709
2306
5063
7001
6464
5551
1925
6391
2139
5003
2963
5013
1487
6264
5202
551
3282
73
1647
386
2380
4773
7402
8143
4882
4308
6651
2149
3541
5794
2970
412
5026
1916
7605
3812
3942
3249
3992
1033
692
7067
1322
3612
6802
4255
2240
799
2328
3775
2715
1820
622
3078
5849
6856
7627
1330
2013
1638
7830
6303
3840
5105
7941
3491
315
4649
3183
7784
4429
3609
4589
5831
4301
7300
1486
597
8119
3322
2634
7789
1318
7709
4734
3188
8068
4547
213
6062
2914
8141
2057
3904
2129
1015
1697
5278
7932
2595
2193
5522
5461
1511
1482
6259
3601
4405
6234
1005
1067
449
8162
6967
7944
7718
526
5159
6063
4209
854
1912
4601
233
7786
5204
7314
4031
364
4323
7040
4865
7085
2873
1187
2357
1138
2328
503
4341
2542
6061
695
1843
4948
927
7974
6319
5180
1658
8163
230
4134
2447
5309
2837
6592
5416
13
5388
2315
6031
6252
6084
6073
1966
1703
4020
986
5314
3344
5594
5526
6987
4768
66
7210
1367
510
3638
8158
2046
5962
2584
3192
1922
351
869
7602
2330
5677
1402
3210
6841
5734
8180
7464
7298
5163
2835
7871
4770
782
5189
6776
1013
6429
7201
5986
2686
5347
4116
53
6250
4221
1306
4768
4767
2745
5267
1557
254
7965
5159
891
7037
4082
4445
6440
1417
1207
3445
2176
1300
62
1204
3521
2872
2254
3392
5579
648
1015
7891
2465
7629
8091
1775
3539
1207
3868
6968
6497
4036
1135
2369
6981
3839
2675
4231
5654
836
244
5140
7796
2332
4746
1477
1224
8051
3640
1177
6213
1147
6326
1953
6337
1987
3042
1378
4193
4405
2420
194
5888
6029
2246
2579
6575
5903
3695
4138
1848
4400
7748
4892
3047
1157
2265
4443
8164
7901
915
6514
4399
2804
5620
7102
1229
3140
2189
3785
270
7306
6472
1738
474
592
1033
2265
6962
1607
4475
7623
5570
3018
2320
5088
1301
1063
4175
7349
2212
4062
221
7747
4044
1878
6962
2783
3182
4532
7366
423
7536
192
1790
1731
6506
5964
7470
4183
7233
1614
5736
3173
1892
5317
7527
5478
4028
4280
8049
1334
6576
943
1058
6996
5359
5815
3093
4020
5329
8118
5994
6045
7144
6874
3627
1392
6042
3124
4006
7982
4400
5174
6900
6830
8161
7940
3287
5429
2905
2869
5848
1132
6277
7883
664
4403
2734
6308
257
3097
7379
6667
4689
3156
7847
7542
5446
1413
6440
6657
696
2827
5551
5381
6991
3175
2700
2327
7971
4088
223
3533
5403
6340
2714
3605
4069
4177
7401
5987
3650
3409
4076
3270
5326
745
8
2759
5772
2110
5487
5717
1506
3019
2780
3926
2456
674
4621
1901
7841
4578
6242
2039
3800
3575
7134
6569
784
3345
4746
7959
181
3902
1004
419
4379
4358
3946
7738
1128
5680
6405
7717
4338
4134
5300
6752
5481
761
1184
508
5388
3608
3859
6981
7881
2735
1496
785
5528
7691
6461
3488
2624
7828
6568
2312
2132
3566
3121
7980
7014
6990
5149
3617
4417
5188
6102
4353
1304
1406
964
1878
187
4299
5951
5600
5236
7944
5465
6872
5803
8048
6393
4214
1022
4479
3351
3126
2346
4618
5845
4131
4470
6080
5843
756
7393
2722
1415
3177
4017
774
5440
4962
6318
3003
6989
5951
1806
1677
7766
4770
7304
7192
6081
6694
3697
3945
7582
4278
6122
2535
7786
4396
3462
3055
3891
5005
3989
4771
5765
4427
4077
3391
7145
4129
7007
4098
2051
401
1684
6153
4876
3163
5281
7267
3455
2347
8013
7197
3117
454
2376
2303
6723
5845
4307
7076
1313
2316
6139
685
1677
4172
827
7554
5030
4329
350
2614
2929
989
6483
4938
4408
6637
7549
3094
1693
6730
2071
5945
5631
8009
4479
7402
814
3913
6532
4303
54
411
4919
5704
7301
5651
3358
5133
5294
1207
7835
6208
5285
6820
7967
1867
179
8188
7399
6693
24
2546
2522
5358
3518
839
6668
5257
7651
7204
4910
56
253
897
1077
6748
2674
5873
5151
766
2870
55
2123
7273
5798
625
7821
2535
3759
6080
6558
3481
6744
4751
7412
629
7576
7613
7137
2792
4631
2532
4539
4537
4386
7026
1904
2562
5276
3396
2087
57
7131
6975
4983
4279
2371
945
826
6687
988
4720
296
4479
5356
3123
7766
3293
3588
1845
6524
7632
2837
4806
3460
838
979
5302
335
2697
2662
4003
8003
5545
5361
1818
5820
4821
187
7962
7102
7970
5643
5232
1714
1758
5117
5518
4013
3321
6999
4094
7516
6959
6356
5690
5574
3458
6911
3822
3491
6197
4820
7804
4995
6516
5531
6004
7823
1179
3757
419
1457
2221
4417
7856
6764
5744
5782
6911
2736
3809
4649
3084
7500
190
305
3312
5111
792
2269
2435
2291
126
2405
4128
1783
4325
5437
6325
6920
5317
2190
2784
1021
6998
7817
1662
5554
3110
8099
4577
3201
1808
7258
2359
4228
7172
2912
5375
7465
1834
5827
6746
7869
7823
6502
1686
6885
2659
6260
2515
7760
484
8045
5869
3039
4008
4221
5081
3872
2102
5033
3374
6277
2890
1284
4566
6177
5059
3310
6609
1886
3702
991
5655
7622
4676
5518
426
6562
2660
3737
7090
1749
6648
6846
2559
5025
6946
7906
7649
5094
1145
3148
4250
888
91
5238
6663
2382
1629
2010
7966
255
5035
2728
1271
4789
7011
2280
3714
3946
4225
1388
3704
2776
1999
3523
5419
4559
211
3138
4715
6607
5574
1173
6893
5448
521
7871
5652
5960
6279
6645
3554
276
6318
401
5492
1502
7758
8015
7473
6427
5411
6065
2625
1771
7455
5685
7777
1154
3045
8160
8151
7068
7996
5242
3677
5106
8024
5140
6910
3720
6497
5513
5436
1582
7761
5714
4853
1048
1285
1924
7963
3614
1870
3568
6868
1340
5176
7145
7421
5139
7239
7642
7462
5255
4753
5509
1645
4874
2339
6013
4767
6434
6388
6799
3421
4548
6607
6515
2483
6192
4559
3699
6875
3748
7339
7074
1889
5723
4142
2522
1520
2747
712
583
4346
6440
8062
5055
2362
6561
4952
2685
6051
2796
3410
6795
6165
301
4592
6219
7433
2877
5904
3182
3769
3282
7897
3057
6285
7618
5401
1870
1181
5916
3633
2957
2291
3583
7349
7531
6690
4353
1281
1002
4867
5615
4001
2482
4130
5560
5982
3583
2574
4397
1490
1100
5266
1
3455
4165
7907
6396
2370
7832
7266
7701
1392
5713
4286
2102
5151
6215
1453
5769
4291
3867
3794
1781
1777
3822
1479
2750
6300
3365
5942
1919
5808
1608
3838
2954
1426
1143
7544
3584
7978
4297
1837
1130
6590
2087
4154
7612
3139
6637
2963
2866
559
6625
5577
7680
6062
134
2966
360
7914
4076
641
1447
189
4837
4866
6407
7631
2162
4542
1051
4226
4604
7203
896
4026
1613
4947
3905
3166
5704
4043
276
1611
4382
2621
4607
6044
5018
6847
2702
4104
6857
3321
7296
2692
8150
188
6110
2938
7580
5052
1656
2709
3443
7653
7477
6039
2187
5564
1869
4852
1037
8166
697
6656
6399
214
32
7147
1301
4394
3324
62
5370
980
2927
1300
2187
3756
3864
6984
6387
5948
5707
4999
4810
3807
7711
611
4616
8040
5352
4195
4776
26
4570
2615
7607
3254
335
2313
104
5749
6256
4827
3769
984
7314
921
6934
7
7672
4847
6515
97
946
5378
6127
2523
5210
8080
5462
2071
7224
6358
16
149
3797
376
6685
5502
2356
2295
6305
1080
3727
2685
5579
6570
7991
4210
7636
3820
649
1569
7563
3273
2450
1373
2736
3120
2992
5172
11
5787
3564
2098
7433
2808
3238
7760
7483
3282
6615
5842
6067
615
4655
262
5257
231
1979
6174
5303
6064
1872
6155
5984
856
6479
4233
2799
6219
2242
4939
7936
1783
4567
3164
4448
4250
5889
2831
7881
2525
7905
3422
5686
7858
3791
4968
6987
186
1280
1753
4876
1943
5120
6467
3627
7405
4510
4868
7743
3314
231
1128
5789
7024
5412
895
2431
417
7174
6704
4899
7955
2761
7317
3802
5889
6931
1117
2080
2110
7414
1995
3099
779
5538
75
8048
4998
4150
5661
5978
1778
5200
4374
6418
7227
4595
1803
5190
3882
4115
4863
6981
2484
4718
1044
1473
4018
2640
8002
6312
2532
3391
6393
3551
2667
6638
3939
2761
1072
2945
6919
337
109
2482
6330
5197
7684
3232
5733
2425
4364
1521
4780
2174
6369
673
5453
5990
3885
1800
4688
7116
4117
882
30
5660
5222
1750
3749
319
1472
2593
5745
7194
3142
8017
7645
1992
6636
3643
3759
7263
3077
6826
1149
5723
7025
558
5898
5504
3614
3930
3599
1408
5454
7672
916
5417
5748
3775
6514
6265
7469
4890
6550
109
1381
5130
4697
6405
3963
2902
3466
5856
2148
2730
2770
3132
7814
8108
6404
595
7691
1827
5824
5979
698
1445
7489
6408
5681
2119
6708
368
5511
6825
5349
3005
6616
821
6186
1457
7547
755
6237
3868
5212
600
154
283
948
641
7806
2581
5872
1220
7230
1415
2157
1181
4792
6099
7540
1860
4975
405
6884
266
1214
3717
7756
1957
5410
1594
5663
7445
4263
6054
4250
4523
4864
3586
4766
3053
5545
5192
4821
7972
5596
126
378
1391
1638
6111
7482
4718
3943
6480
6893
1537
413
1620
3324
3916
1610
616
1585
4472
4481
1568
6064
3910
2690
6828
863
5467
4177
3674
260
718
6544
2965
358
3096
5492
3789
95
3769
5373
3115
3890
7383
2302
3694
5452
6896
7490
2244
3430
3042
4453
4244
6917
1154
6801
8053
3626
1556
2932
141
2578
274
5796
7188
3819
951
6118
785
45
2040
7982
2212
3212
6362
7087
6609
7029
1626
7938
6821
7365
8084
7036
2369
102
3680
3155
2865
8165
7303
1808
4847
4425
3476
7058
3602
5229
453
7829
5700
6698
4781
7702
8175
2358
7363
17
3423
1747
6288
1907
4432
2761
1997
2054
4335
6588
2816
6724
6423
6651
5074
6466
5193
2947
306
6421
3845
7539
511
2976
6783
598
2750
1728
5076
3342
7953
8167
3960
7901
605
5761
6793
1183
6395
1039
5396
1878
11
6365
599
7550
6887
6929
3697
3572
2250
4102
3359
1993
6213
2857
7714
5902
7015
787
6498
1308
520
381
5687
7950
3282
4021
5751
3571
962
7393
3236
6181
2388
4272
1953
4923
1076
4572
5026
6978
4359
5061
7173
1189
4815
7213
2152
3825
496
5455
7429
5353
4811
3988
5608
510
7938
1668
870
5359
2754
1817
1959
95
165
5330
3780
2978
4171
4833
6336
8024
5109
5181
7019
2108
3522
957
1830
2911
1632
363
4112
47
6734
5792
716
8028
423
8067
6955
6251
5452
5848
1368
5114
1572
3336
5668
6152
3086
8004
4907
628
8044
4841
1288
6870
6529
5889
6392
5638
567
7034
7450
7663
1691
156
5546
6620
7631
3963
1667
1757
8147
5907
6316
1551
6073
3701
3330
6987
2622
1374
7472
4587
8031
5029
2147
5335
3954
7377
2439
8065
4228
6353
8114
2950
6941
3581
1818
253
4422
7270
4103
619
1723
878
3922
7166
6920
5913
7263
2529
1451
6252
1407
7875
5403
4151
5882
436
1207
8163
5070
2845
5469
5782
5697
2233
5293
430
7572
6767
5407
6608
382
7611
4856
5732
3939
6698
2431
3084
5625
1435
4190
4994
2425
5620
5109
2115
4946
6193
217
7068
7370
5367
7206
3997
7517
2540
3690
6750
28
2880
5785
6317
2747
3851
1911
5507
2097
2346
76
5285
333
970
5615
5706
1527
6181
394
2911
2208
5269
2870
4023
4992
5000
6985
8135
2593
1952
3504
2087
412
2067
8167
4678
1615
3484
3653
6591
248
2397
2265
5427
2690
7275
2204
7291
1701
1876
3441
6244
7294
383
1943
2976
2788
3963
3907
5167
4537
4863
6727
2329
7347
6551
518
3611
3514
3107
8161
6180
855
7372
1075
1297
7471
5038
185
6868
8018
2733
559
4900
5075
87
194
8062
6054
6578
2791
6514
8087
4310
2414
800
7545
3467
2764
4391
4452
63
7614
6349
1902
3675
4757
2353
517
3374
49
4201
6283
3819
661
5475
3778
2564
58
5626
8103
1653
2313
3100
7732
2933
4050
537
4227
5656
2555
2819
1038
415
3117
5635
2585
5093
4349
667
4362
3940
330
3246
5410
170
5441
4156
1340
7534
1003
4728
3562
114
5116
7636
533
4626
2826
337
4135
7600
6189
3743
3438
5890
4236
2342
6759
3817
771
3199
2046
6240
3133
4769
7954
7858
546
7619
2390
1655
656
1281
3470
7398
3662
2696
7502
7827
2991
1192
1504
1676
6791
2184
949
8026
3406
4946
5132
6751
2276
6803
234
1438
2358
2016
8159
3018
1037
6292
902
4315
279
6015
1788
2736
2485
3533
7133
2099
2015
4582
7671
3071
1395
212
5824
3953
3510
1696
4840
5901
3133
108
1595
7257
5352
3960
6075
6260
2335
6703
3565
4122
2682
7433
6659
880
7236
4412
6949
5459
3792
4863
89
2678
1751
4830
6195
6145
7531
7714
391
6345
1204
4275
18
6717
3911
8001
7358
7334
2448
3584
295
1779
1686
168
8118
7774
2048
2649
2885
2177
3759
7902
8118
2783
6370
3288
4082
6449
4755
7629
4228
4717
1870
3596
3808
7391
6162
2835
2973
7433
587
2960
7857
5375
6759
1437
2838
3219
2845
2010
5290
642
3951
7291
6831
1035
5984
2798
7654
1880
4689
668
5494
5756
1465
4633
2459
6115
3035
618
186
7418
4816
7415
1828
5356
8037
330
4500
7713
4533
6591
7686
4615
4753
7782
5429
2253
1306
3992
2226
1378
2118
3690
348
1954
5524
3355
6808
803
1081
5113
6027
6662
1469
2667
7527
3119
2189
7506
3280
3861
4217
5868
2153
2191
6296
2363
1165
4354
6493
2615
435
3027
3360
6962
1427
359
1498
7871
7928
3405
7939
5983
4850
5257
1046
7836
2928
1877
227
7763
875
6488
5575
2327
3327
7316
364
6696
5573
3564
1208
4186
3316
5003
387
2102
3430
2730
7882
1930
2839
2366
4132
7226
2236
2458
8118
5729
3950
1924
7137
247
1638
7991
2056
2161
933
6055
281
1341
1854
3736
1634
6595
3514
1379
7265
4765
489
8062
5797
2895
2668
4910
584
1926
5593
7852
2936
3534
5804
6859
8082
322
3554
3998
3506
7630
356
8177
4807
6412
42
8157
63
2664
1771
1134
6305
2426
6050
4914
6721
5381
2800
6334
2038
8062
290
2959
7559
7806
3157
1837
3152
2736
1843
3826
193
3898
6587
6852
2736
1738
2622
1809
5058
8159
4352
7121
1538
4229
677
954
6305
444
4320
5190
8144
5287
6440
1692
3403
3068
7878
2852
5719
547
3226
2445
6398
7721
1926
4406
4129
4374
599
3494
7407
2169
679
4781
6038
2112
1715
7792
6052
180
2045
7626
6519
5367
2299
1259
113
742
2237
3750
5084
5588
1699
6081
1830
2523
2493
7488
7912
160
428
7999
672
3923
6480
2479
7976
4259
6952
3005
3195
4309
5411
2057
7981
4544
2691
2643
1858
6174
6244
6099
5567
878
358
6886
2005
6869
3379
2210
6118
6221
393
6689
4445
3956
7479
8101
2966
3788
1991
1159
149
1841
8106
3552
3473
3886
6071
5991
2286
5707
7650
2693
5208
1078
936
802
215
4468
5574
6734
6880
2505
2444
7479
4090
5381
695
5304
2447
5796
4845
7451
524
7829
4683
3859
2361
681
3357
4939
6796
1746
2245
5358
3958
3209
5670
6751
4295
7867
3542
7984
4979
5802
4701
5168
2179
7044
985
4200
2404
1987
3438
1807
2255
5239
4385
6474
1798
1536
241
1811
3554
467
1406
2772
7450
8078
3377
6499
365
4816
7529
3423
3389
4486
7681
4699
858
6259
1400
397
5338
3295
7334
2520
695
6460
3399
2818
227
4692
2482
111
6249
7809
2019
1244
2566
3624
4091
1326
725
2470
4852
7478
5973
928
6408
3869
3854
6933
5737
3626
7302
2741
249
2022
2229
2646
3383
804
2564
1807
8136
5723
113
1486
4262
3701
4679
4535
2277
3260
543
5286
6883
5692
472
3073
2372
4666
80
5177
637
2349
7248
6924
1604
4192
62
1794
7549
6479
642
6279
1217
1400
7625
4674
4741
1939
5192
7886
2822
2961
6960
3949
677
7204
4483
2445
7611
6175
3000
2780
90
752
6969
4651
7092
877
8012
1341
4074
7543
3868
1598
3714
5498
6781
7593
3533
6596
2283
6142
4878
3264
1477
715
1414
6873
3586
1968
2404
3002
3806
862
3484
1429
678
1995
933
7371
623
6106
1706
496
6047
2756
1134
6304
4118
3591
1638
3936
6111
4722
3158
947
6749
6439
7934
6838
414
6799
3984
1913
6172
5471
286
6732
2562
3702
1191
986
3370
4572
7940
6120
1183
2122
7456
6656
1722
1443
6763
7686
4064
5291
2281
314
4007
1328
7769
4677
7028
6463
2466
5587
7416
417
5773
5974
665
3779
6313
4483
2539
6671
427
6184
3371
773
1807
2785
192
6018
4043
175
7120
8133
5766
761
7639
198
8052
6371
721
2600
6638
2030
1398
7104
662
6801
1315
4156
7033
2738
7918
3153
2325
1707
3236
7917
752
7456
4835
7590
5487
943
4679
7671
4531
2957
4011
1533
3165
889
92
2836
4297
5057
7596
5110
221
1666
3871
578
5228
1427
7437
5425
881
5464
4238
1781
6311
7161
6994
7175
2165
5779
1518
4085
6550
208
6911
5058
3610
1864
1374
188
4289
7747
404
4659
6870
5912
4394
5899
4164
5028
7727
3909
1886
6024
4271
876
6397
6833
7319
2984
6990
5149
5339
1119
3349
1564
255
2217
6393
1889
4506
7536
5864
1383
5957
1572
4481
6274
6006
3720
815
3134
7074
7249
7508
455
1630
5819
6235
345
3066
5306
3530
1256
1787
1338
1626
6759
3565
6413
2869
1587
4736
5075
6574
7099
4792
6096
3661
7406
5045
8132
2917
2684
7730
2035
2690
3225
3901
2016
7928
2902
3012
323
240
5879
7025
2850
762
2114
3924
1809
4677
7116
334
3931
6692
5341
4304
1596
5533
2697
2963
4538
154
6682
6750
5058
1322
6994
360
7172
7151
3309
8106
7889
8119
6795
162
7662
1184
4265
4403
3315
3203
5373
4670
663
7571
3184
6659
1252
4060
1872
6314
5733
5869
7633
3452
3882
3060
4392
1336
6279
126
4722
3190
3963
7900
164
7804
1218
3424
7167
6501
8029
1606
4260
4737
4670
1031
6034
7662
6445
3889
2511
6792
5899
8130
2321
5808
6085
4162
4586
4858
3771
6138
1692
6301
6015
5624
177
4122
1608
3706
7294
5763
7030
129
6746
1039
7145
682
1561
637
5676
918
26
2206
6996
5158
993
1937
4096
446
2915
6532
5504
7590
2712
1114
6327
3533
1070
5339
6394
3531
5528
7798
7456
7917
1314
7754
570
7416
466
6750
2304
4382
2923
3505
4984
2564
7786
1679
2332
1459
6707
3465
7216
3477
88
3339
3816
648
7017
1241
7425
7659
7027
4819
5508
7068
6670
6776
4524
3135
3774
416
4374
1784
1635
2270
4024
5933
3604
1863
198
5953
4647
7433
5023
807
7967
2809
962
6965
3224
4836
4941
7435
2185
7347
789
4028
6266
5297
171
448
7404
6634
683
732
4383
6459
556
1086
161
4929
2567
6475
2549
4432
4254
1960
3569
4913
2730
7928
3772
5410
7373
471
4281
370
7605
3697
3045
6032
7402
4801
5933
5731
8134
5004
7769
4170
1145
7886
7331
313
6442
5725
3605
1610
38
1283
4403
1983
3123
2883
2058
6294
4519
2362
2130
3003
5725
7062
45
2604
1507
2850
8106
414
3725
6700
1960
6004
8152
4699
552
166
2063
5060
191
73
5939
6331
1252
2718
6215
6544
1295
6385
540
6191
73
2384
4890
6877
2209
1847
5458
4942
5684
6859
2654
1180
1622
4639
3133
1347
6211
7210
1931
2507
2000
23
5313
5646
4300
7717
1969
6514
4158
4567
3894
7456
6377
6617
2428
2578
1711
6001
1232
2979
4824
1463
3238
6700
2408
212
6188
6921
765
8017
3479
3828
7945
4306
2418
3009
930
1008
7850
3261
2936
5020
146
2908
1318
6275
3217
5809
7055
2431
157
4074
1370
4777
1382
6939
424
5590
1281
4027
1282
3176
3505
5241
7825
1330
4664
4426
1461
1910
7132
334
5382
480
409
1079
6995
4905
278
4262
1399
885
1144
7669
2003
3120
1607
4280
4054
7406
2102
2285
5636
4239
4459
5105
4811
7646
5024
7183
838
2655
4360
6989
98
7226
6653
4033
2223
4824
3184
4838
248
79
6615
1511
391
7060
3025
183
7426
2977
7545
2699
2573
3628
6358
2827
4449
1985
3086
316
6364
1273
3010
3118
6439
3169
5727
7541
8123
2187
4852
4668
4491
5576
4029
3564
2185
969
6082
6235
5754
2274
1427
1740
2462
2673
3981
4226
2743
3719
7833
4409
4752
2010
2754
3612
1709
3037
6741
882
7719
1434
1220
1570
4764
7328
2643
6425
1687
5852
2714
2014
273
3295
760
5261
555
1408
475
7110
2720
7521
6206
5588
2174
6198
5968
6655
7436
5657
7828
2620
2182
6100
1961
7840
1594
7495
7207
6848
5793
4083
110
2432
7722
5143
7232
1709
6690
3007
354
5749
4541
1643
4601
4019
1927
6642
3206
5894
7793
3302
459
8024
2826
6876
4166
7358
4529
6657
734
2296
90
7581
1768
436
6249
4600
3192
8127
661
4146
6577
7809
517
8088
5058
6801
4760
3977
317
6471
7578
7792
2826
4071
2830
3428
6711
6770
1840
6247
3094
7725
4522
3258
5081
2717
5401
4458
644
4238
88
2546
5530
4027
6930
6314
4416
6244
2768
5475
6690
5566
441
4890
6397
3729
5851
2716
6801
8081
6163
3300
7866
5654
2206
3413
6723
4459
539
879
6089
4544
43
6496
2279
3353
7832
6424
2062
8141
2547
2029
7567
3390
4174
4712
7143
1511
7941
701
1885
3920
591
3335
181
3317
205
5465
5630
5962
5714
3637
4321
4198
5300
4028
948
7058
4289
2980
3508
7947
7029
5327
7874
1964
2714
1240
4632
4690
2556
5938
6536
3336
5284
4267
6220
2791
502
2371
4230
4010
5505
6776
6925
7175
3342
6404
4549
7637
3894
7317
2677
7259
4305
988
6161
935
4803
7077
8126
6780
1200
7558
3243
6858
5025
3272
8056
1051
2960
5454
638
1845
3150
702
2805
1185
7295
2492
5610
3035
4739
5247
213
6725
6245
7928
1401
7809
1785
6602
8097
6980
7861
6839
7553
5308
7814
1172
4651
7278
2185
586
2526
4662
5990
4690
6907
4546
7636
2160
6164
8118
3297
5172
971
1729
3591
1678
1354
2502
63
7700
8055
6694
1707
3103
7270
7491
7851
7140
3665
5171
7411
1057
2719
5607
7628
7565
6961
3506
3116
800
956
6074
3777
6556
2449
5178
7202
4983
6611
807
6103
5266
1965
761
3798
3626
6602
7767
5918
5477
7370
4970
5655
4115
4868
2704
4952
4593
102
905
3944
7021
1680
5186
13
3295
3651
4605
5226
1769
4931
7856
6115
6645
3920
5754
4907
5273
2711
6909
114
4322
7761
2650
2477
7478
7267
1759
7621
7163
2873
4306
3759
5767
4520
5502
5138
626
1407
3912
8186
4515
3250
4353
1976
2189
36
4772
4213
7202
3630
1124
3042
5883
206
3342
3668
3727
2861
7961
3969
8099
603
716
3877
7817
7442
6900
7975
1911
2183
3710
2440
8105
4916
2545
2540
618
2929
2752
3390
2263
5699
4253
1182
5500
6784
7303
8001
1518
3723
1910
2538
7771
7697
7596
5258
7469
8079
5445
2202
7652
6567
6473
836
4549
3202
1193
7135
8047
1806
6783
1874
5165
816
2753
3299
7795
6943
1483
6835
2945
4571
2361
7012
3077
945
4355
3255
4423
8083
3881
8091
3913
3955
5223
1441
1166
3263
3423
3857
5413
574
874
1190
1076
2675
5388
687
6963
4299
99
7100
7082
3933
3173
1255
4283
721
4590
4948
1952
1084
7402
2079
4724
1741
5757
6518
7506
5685
820
3364
4785
6276
6226
2467
2919
4111
3291
1319
3122
6957
7505
3828
6698
1963
5712
2613
1868
7912
2037
7038
1144
3216
1997
1353
7433
7174
5017
5576
3369
4246
1680
5893
2521
6821
7188
7536
5414
6274
4597
3842
3410
6412
3213
4168
6669
2549
3100
4477
6228
1237
1946
7659
6396
3442
418
1149
6722
4045
5552
7745
1757
5711
3997
7035
7399
1770
7468
3832
7994
5983
3515
1041
5135
3807
5401
5717
7083
7644
1534
1366
1610
360
1754
4876
668
3495
4576
1909
2939
5089
490
7557
497
1261
2673
6597
5576
8159
5674
5619
4300
7656
2316
715
793
2367
584
7327
4056
434
6181
7599
2996
1799
102
5992
1120
7971
5807
1441
6274
6328
6853
7303
5441
3568
5337
5862
6460
2448
4441
212
4204
3609
5695
2564
2039
3459
2889
4912
867
5910
7071
3690
1893
736
7327
1764
3378
1035
522
231
1652
6399
4057
5984
1231
2679
7646
5276
4739
4311
7487
4444
953
3978
7627
7573
6161
6485
128
3073
3208
7069
928
4609
4151
38
267
622
6532
4331
600
4852
7185
4282
6484
5635
2735
3148
5245
1025
7652
5673
7388
612
77
752
1724
211
3951
5907
4996
5641
4054
3461
7315
6086
3696
4994
4325
7483
4793
6880
7289
3779
2249
6099
248
303
3909
1461
1226
5824
2409
1922
4014
4266
4767
5330
4963
6880
941
3846
3907
6725
2339
2614
6990
6161
7473
2456
5326
1266
3869
4602
5922
7956
4759
6395
5551
3390
2029
6650
2725
4649
2882
736
2455
1103
4992
7860
2456
1503
668
6829
2023
1942
5539
2006
615
3686
1445
4727
4370
5046
2076
4527
7873
5352
5658
3414
7455
1886
6552
4810
3816
7324
7754
2901
2746
1904
4361
7946
1537
7104
6237
6742
5242
396
6183
3785
2008
6493
6067
7764
4398
448
1382
3759
3943
6775
8175
3884
936
6286
2672
214
1544
5625
7647
3480
854
6597
1198
1995
3540
3083
1732
7507
2038
6141
3816
6467
5024
301
3996
8008
4620
5495
6977
3876
3498
6818
581
5344
676
1140
1931
7742
2386
4255
4360
6607
4707
3915
2496
5763
6013
4141
3348
5408
585
5517
1290
1444
2492
4943
697
1712
3858
782
3223
2888
7311
5360
3654
1456
4205
2211
758
7296
1768
2617
8045
2162
6237
1732
563
3722
3245
7479
609
5227
7534
3045
1632
2459
2020
6426
2448
1944
6461
7477
3258
7651
7608
4664
2319
6567
3284
2012
6099
163
1042
6066
5161
5755
4017
3718
3175
1297
5815
5011
5681
1864
499
2372
3911
6209
7549
7943
1325
882
5729
6241
6499
6722
834
3923
2522
3006
3604
1303
7227
4011
6297
6433
3345
5150
6962
855
2553
1371
4313
4700
361
5166
4268
3610
6148
1259
1977
3965
2740
4336
2361
925
7493
5205
7144
593
5442
2446
4383
5519
302
1437
2536
8021
3744
612
5351
1513
49
3953
4977
5800
4125
766
5640
4310
5874
3321
391
2339
4666
4134
7806
1300
4302
7337
8023
6912
539
7421
3639
4459
4252
6012
3493
3516
4043
7269
2094
4823
7484
5372
2450
608
5225
4944
6538
3378
7124
3679
5396
5764
6018
3741
6985
6585
5995
7209
7876
1362
2323
8176
4657
6424
2600
7269
5708
7187
3459
6164
7988
3773
2456
1513
5376
5002
7923
1190
6167
1696
8054
3470
7607
1734
363
8070
5388
7765
6075
4323
541
721
7043
7601
7816
6438
7776
1482
6321
4906
2917
3611
6167
7336
919
6060
5487
6677
5018
5024
4035
3095
7145
7224
1551
26
2294
7570
1342
6238
2808
5952
3160
7492
5574
1075
964
3186
6151
1679
2624
548
4781
3929
519
6255
2841
930
3285
2981
5175
4844
3484
5942
6090
324
6414
7090
6148
2084
2873
7811
5121
938
471
4838
8058
1968
2676
2598
8055
7614
5559
871
811
1235
5350
3654
2435
375
2885
7626
728
7562
6780
7212
3356
4705
4331
824
2175
6128
5799
301
1819
8158
6497
4873
7561
4819
4762
3386
2885
340
2720
233
4429
4209
4865
16
1452
7057
7185
3883
4820
4934
1689
4888
4170
2852
3311
4786
2258
7775
5298
1824
7307
4364
7649
323
2173
4744
7408
5603
3205
6973
1585
2301
3733
4852
7836
2530
6703
372
1322
7538
6843
66
5093
6691
469
7982
1243
72
1706
3354
7753
3628
4798
2939
6394
6868
2720
1150
3257
3625
3196
6806
1549
1420
3623
7249
7146
186
4390
5677
3750
4259
3315
3991
6256
6335
5579
5272
2285
5039
508
295
1068
3789
2765
7189
1697
2496
2997
6057
2610
2545
2176
6285
336
4823
3188
2106
6733
268
3814
4120
1087
6952
7871
3837
5516
3940
7874
147
6892
7419
1752
6490
3513
8132
103
2210
698
198
8157
3932
7090
4919
4830
5158
6749
6878
3469
1094
2641
4235
7698
7622
5818
1336
2359
3027
7434
3701
1788
7088
3606
5394
4454
2132
2273
1811
5793
1962
7507
6195
6685
8102
2534
1267
3332
5066
4306
3694
3465
4659
929
7028
2786
7764
876
6815
916
7701
6308
2734
595
5432
4589
2790
7137
6547
1464
2390
6020
3983
6115
7864
1413
7840
7022
5145
5963
6065
7467
3408
1960
5782
2971
4526
657
6896
6150
7360
7217
7597
7974
5069
4891
440
5789
817
4325
3899
2425
3940
5953
4157
7373
5157
8008
7285
5551
6947
700
3381
6579
1193
2671
5758
3707
2003
7626
1478
3518
6852
5740
7903
8085
26
3630
6991
7721
5394
3450
3700
4246
3369
7571
6272
7827
5825
2768
5651
1337
8096
4750
5169
4811
196
6149
4372
6119
6860
1260
1653
7676
6427
972
6453
1189
3334
7285
4813
6906
3759
5459
3078
5870
1259
6344
1602
5435
7118
5627
3188
5279
1830
4688
1902
4519
4802
3998
820
5487
3629
3462
2772
6478
5659
4123
7220
7202
7774
3997
6604
2057
5186
3324
7448
2116
1234
7261
3166
6185
5052
785
114
7749
1386
3643
6987
5322
1413
975
6732
5847
5235
6524
6663
6384
1033
3025
1593
4489
312
7796
1889
363
4804
7733
1413
81
1222
369
7462
5881
848
3429
7351
6846
2795
6669
6410
4730
3618
6418
4407
826
7655
6710
6168
33
2520
4541
4595
1660
3312
7550
7239
4869
4260
3188
236
5459
4535
2930
5470
7618
7209
3395
5528
1017
503
5055
6912
1164
1029
1100
874
3752
3753
2702
5278
6443
5063
5183
3937
7351
2393
6714
453
1246
490
3678
7759
7253
5571
1951
8045
6639
691
576
3437
974
3703
6772
7011
7028
3032
7235
6212
5536
5727
7898
1045
6603
826
6202
2719
8011
7858
5996
1271
2439
2405
2143
1049
5849
1756
1803
7404
1009
6492
4314
1034
5968
4752
1129
1584
4870
1374
1450
3990
3034
1368
877
1024
4043
6817
310
993
630
1310
7132
4471
5571
3870
5602
644
2567
7737
4176
391
1932
4580
1365
6569
6533
6718
3609
898
999
6989
7417
3217
1982
3293
7823
1339
7101
954
1199
6454
720
6360
1517
3189
7352
8094
3223
4023
3900
6585
4046
7524
1537
811
623
7430
2811
6752
750
4551
1305
2009
4585
2691
4433
7474
4892
1159
37
1903
3941
5418
7406
6655
1865
7930
6293
7625
4234
6868
1363
6270
6630
8090
2612
2662
7664
3610
3863
558
1128
6678
2465
3549
4716
3465
7331
3036
5510
180
886
6497
6309
7032
4215
4467
3644
5922
907
3298
4379
1491
59
8081
3754
4893
4208
2168
5242
7783
2547
3022
2815
2692
1289
2722
1971
7813
6893
8012
4074
3657
5952
4942
1792
2643
3327
2739
4047
65
1911
7289
7785
2796
5257
6069
6708
5840
7362
2878
1116
3486
4945
3862
4673
8167
3084
7741
1201
1565
674
7102
1183
2901
3324
373
1285
6443
6727
5914
3955
5159
6060
4625
4613
5595
4353
3534
7410
1376
2092
3896
405
2943
8033
1059
3687
35
3963
1431
5745
7543
147
3907
3153
2311
5445
1242
5511
5703
720
4947
5368
4153
7563
4509
4472
5438
1278
6065
6235
1452
323
7266
7557
1833
3933
5637
112
7196
4211
3508
5240
5770
7151
6300
5601
838
7740
7864
3247
2077
5119
6499
6053
7510
3256
7886
6759
5327
7059
5870
5073
4065
2163
4819
4727
7369
7127
6139
1166
4598
145
6817
6287
5591
3073
479
1614
1417
2534
5203
7880
3378
2363
4420
4810
6430
5325
4783
4468
3609
6003
4827
7172
1856
3585
6919
1967
1583
1622
2366
6231
8125
3907
3321
7093
3118
2617
1155
7984
5517
4259
5744
5682
3789
7224
5054
70
8117
5722
250
1796
2177
3924
3540
7547
3929
5185
5481
2525
842
859
4993
5136
3779
870
2947
1008
7257
5352
5717
1431
2289
1829
2150
1242
5491
191
2257
83
7379
1299
4079
1940
8179
6120
2428
2050
34
4440
7451
1023
792
3565
5120
5348
3548
3674
4746
4011
3243
3059
4714
2507
4851
1033
648
170
3308
7423
1631
1751
2321
7351
3503
5720
4412
5636
967
2761
910
7702
7105
2484
6659
1722
6113
397
10
776
2970
6793
5948
2800
4383
7992
4362
1622
6377
7005
363
2060
6525
5990
7415
1221
2681
6072
1089
1032
5016
2897
7705
4297
2938
3156
5960
775
2434
595
5289
3251
2650
4855
7491
7226
7086
3535
4847
7044
2300
6729
3248
5131
5497
7201
1151
3069
7712
3704
3615
5904
4845
4312
7889
6634
987
2163
3491
7220
5164
1583
245
2735
1547
5906
4345
2029
3923
668
3771
2255
3353
5906
591
4345
5014
529
3234
7206
4906
6212
597
4594
5909
492
3715
973
7259
3587
296
1159
4474
3616
6019
3646
2123
7133
2825
3604
1560
4169
1493
7781
7341
274
6176
7123
4666
5436
7625
7598
4846
5412
4003
8132
4248
259
23
3540
2366
6575
1594
3376
4089
5903
847
4837
7307
496
3049
5026
8160
4303
6052
3675
3027
5607
2053
6235
4563
6250
6842
6679
2026
7499
7917
47
4202
2537
7492
8152
6109
5362
1593
7218
5925
606
1180
4110
2864
7571
3164
3754
4715
4533
5771
5308
7028
4666
3553
155
238
2631
769
1665
6499
545
2417
7696
69
3782
5727
4984
3190
6655
5337
1518
5329
805
5998
1166
1163
3201
3837
4657
2568
301
1911
6968
776
7722
4882
1980
4680
7063
3744
909
1336
4744
3944
2616
5277
2027
5244
6301
5148
6007
4744
465
1650
349
2187
7336
3788
2537
3508
2058
6000
5886
6806
5826
4214
4619
8069
5847
4703
5685
3850
3918
6041
1166
6761
3993
6824
714
3659
3347
5211
3334
3786
6195
7438
6482
3344
3669
3950
3515
2539
2823
3900
5252
7262
4996
1687
6990
6228
4633
3410
629
1361
2171
2246
3996
2849
320
544
3952
6085
4040
1284
7077
383
3011
1721
5296
4801
6451
3101
1743
134
844
3674
4648
7155
1639
8007
567
1012
2500
3207
4268
4961
2899
4869
1660
2014
4241
110
6616
1247
5931
6765
1337
7414
5630
99
30
1820
769
861
3827
277
3832
3624
4937
6221
6816
5880
2655
6013
5213
7763
218
5943
5927
7352
2752
6680
3956
3289
1754
6190
7653
2235
8105
2971
5626
4931
2417
5425
4445
3273
4469
2837
1760
3807
1197
3914
3283
3073
4740
6406
4819
115
6890
5364
1698
1240
5418
7642
6443
2141
1694
97
85
3610
5022
3984
2062
6403
1452
1621
5531
6481
2218
1510
2908
8126
4182
5995
7126
4841
5360
3083
7685
7325
828
3136
6010
5483
2380
1891
372
7931
4691
7685
5518
4272
3985
3918
1010
2636
5164
7442
1004
7726
4897
144
4421
2463
6760
7444
6465
4486
3020
1531
5951
3424
7342
5092
4739
1880
5606
882
3009
6665
6239
3132
4776
2643
2890
2399
5559
3877
518
1263
3371
5872
5533
8165
6423
4052
1858
81
260
714
241
8177
5738
4501
1968
3481
2163
6307
5868
7046
4354
355
3593
1418
4231
8181
2037
3907
1098
2271
3639
3659
7481
1687
3002
4302
2034
404
6316
5780
7413
1824
6698
4735
5021
4588
5581
970
869
6220
5171
3440
1631
209
284
3292
7707
8129
5823
1729
5639
348
861
898
4028
294
2670
4012
1005
5857
2163
8141
779
7548
1095
2941
5707
2290
74
7522
4240
7169
3508
5002
1949
4301
5729
2866
1476
3568
6154
3046
5462
6321
2080
6029
3613
2427
3798
297
59
5418
5332
3813
1497
5305
943
1426
775
6682
2785
8147
745
2853
4294
7748
1121
58
2048
2390
3028
2686
794
1856
5692
3819
6389
7025
594
4580
5095
7675
955
4012
1160
894
7301
433
1142
6106
7619
3067
3577
4091
1264
2933
4303
6785
13
3061
5215
1978
8091
1332
6215
7515
3665
2122
970
6034
2966
6773
8065
6418
199
2144
5125
5643
92
4416
2381
1425
8166
4145
3288
2601
4325
1694
1997
3141
3805
7321
7748
1286
4173
4019
3273
4288
3733
8139
3514
22
6902
2045
1938
3752
3561
6208
4408
3884
5999
292
4220
5497
6897
7073
1234
6458
5348
120
7818
6177
4153
4797
2746
5464
3002
6545
5193
1905
2947
7626
1715
163
2355
5928
4438
5842
1480
4498
7621
3885
7346
2346
7811
6033
2221
6829
1233
586
2696
5615
6151
5323
5605
3010
5995
8025
1412
7465
7430
3067
351
2165
5185
497
7452
2778
2879
2084
3578
7198
2843
2081
5862
7589
99
4830
4639
5608
5452
4396
1659
6356
4801
374
6913
5270
121
3719
3807
2364
4224
1579
4074
4291
2336
3521
417
6182
6368
3621
4649
4133
404
2784
5643
4418
4660
5711
7989
5610
6324
5671
6331
526
1488
3897
659
4420
7817
6269
6090
256
5890
256
1873
7080
4042
4996
3066
5377
6663
4011
7653
696
5801
867
1766
4032
6657
242
2711
4101
460
3090
2433
5637
7134
5280
4661
4823
7306
4363
7749
7993
5086
5262
5630
5299
1580
7443
4932
2037
7765
1705
102
3316
2004
8095
7498
6049
3195
2895
1081
5580
3526
4012
2364
758
6050
5586
6540
7596
6673
5307
899
2504
7902
4902
5103
3020
2751
7738
2698
2276
7613
3361
6751
4588
7993
526
7339
1308
345
7328
6586
5924
1414
1266
1910
85
2636
3396
4999
3311
2688
5494
849
6156
1834
1401
3393
3072
3934
4156
4154
4837
6689
6492
7869
2238
7195
5360
4269
3981
724
4512
3428
181
7863
3137
5175
7340
5719
5478
5740
4038
1367
7912
6020
4888
7787
6866
6976
320
2999
7680
2333
972
1775
5753
5290
3996
4327
3373
5860
5518
4826
5787
2159
6742
183
2576
7549
5858
2135
3323
5987
2118
5531
2415
6171
1660
6335
1443
3855
7095
1046
1335
1566
5168
4070
3074
3838
4790
567
6891
5898
7538
1925
5163
3222
3711
1179
4924
7530
4912
1736
512
3426
2810
7078
5874
1616
7659
2141
8102
3594
1733
3023
5118
6996
5044
4904
1378
6106
4998
2452
6399
1044
6013
4419
741
4654
4287
7886
3889
3362
2757
2908
6363
1241
3885
2530
6278
4330
6632
7675
7115
8
1103
4185
5240
2465
8019
4010
935
2254
6686
5786
6954
5882
3302
1913
4715
5530
426
5256
6641
6820
6563
4075
6946
2731
6339
1535
3924
4095
2591
4208
5590
2580
8133
5596
1028
1129
2093
1074
1681
684
2833
1986
6170
4371
5253
34
6250
5429
6339
87
1159
5623
4799
6325
5136
628
1956
2863
781
5147
5482
389
4462
4237
5403
1937
6867
844
6207
3231
5284
1420
7284
734
5029
147
7996
6306
986
4191
4330
1225
1594
4976
1061
1237
2189
7868
6251
4628
3598
5681
6382
3762
1485
1735
1642
7106
1506
966
8123
3913
4515
660
1937
1980
2046
5157
1347
1939
7571
2740
3453
4479
973
8084
2551
6906
676
3273
7223
1485
7308
6917
7930
5294
6306
2985
380
4813
5389
2207
3856
7549
5628
4380
2887
5375
8047
6790
4867
2223
2863
3434
981
2311
1674
1229
4268
840
4167
5933
3852
2503
5115
5570
2634
3364
6626
4972
6253
885
7379
599
6412
2734
1710
6092
4116
2032
1606
3802
7644
3976
3527
5661
5651
7665
3827
5435
2023
3213
5819
1823
3757
6061
2463
3552
1550
2039
2854
5080
6521
2823
2342
8009
6661
1949
10
7751
8027
5389
6309
2462
6296
4789
1039
7071
3541
6881
3043
4041
716
193
7830
5695
1067
1261
2969
774
580
958
7537
5415
2726
4347
4365
7774
4106
7003
4840
3982
997
3099
4376
6213
3569
7099
2940
151
1314
2051
154
6753
1616
1589
1417
739
4605
481
2612
5717
2767
2376
4643
2240
793
4105
401
4755
3867
3619
3605
2470
5693
3288
326
3430
213
6881
887
1802
2590
2563
4090
4063
1619
413
309
1502
1090
5654
1073
1879
5657
1594
840
4925
3885
6540
4748
2810
7386
3402
886
4761
173
5492
7168
5751
2701
4434
3715
6293
6816
5279
6851
6436
3450
1430
1820
160
2536
1702
6397
1653
609
4607
1447
6054
864
7650
1777
1618
8162
3165
5209
4771
3509
7259
639
3608
3677
5779
3919
6465
1681
4674
4225
1418
169
3463
1293
3165
5758
7136
5123
3595
7081
4558
1297
3992
4637
6473
7293
2081
1738
4149
1702
6134
3717
4090
972
3866
5405
2068
5030
2393
4946
6197
613
746
5645
6992
4832
4217
3850
4121
6365
3886
77
6519
2809
4547
4249
1585
2609
6806
1148
3767
7331
838
802
5233
4773
3464
5349
4563
1130
1240
7237
1557
2707
6247
6048
1529
2526
720
6244
2238
1555
5181
662
5940
905
3393
5748
3628
2809
1739
5798
4811
2428
3107
5971
4075
4807
6520
3627
7821
4373
5047
3422
640
7972
4511
6735
2222
1044
7960
1628
4587
3018
3001
5442
7089
1360
2116
449
2142
2238
8034
5415
6410
4266
23
3003
2093
4560
7887
4932
8113
4945
5856
355
513
191
7494
357
3207
4375
2175
5981
1970
4737
6211
1956
2800
6114
5041
1028
5714
2853
3865
7294
5896
3416
2593
4166
6242
4535
8011
2555
4056
1778
3392
6279
6099
4993
5392
8034
30
3358
2718
2653
4392
5900
5938
3850
8126
5827
7292
4333
7169
717
8175
5624
1643
5032
336
7480
4186
634
2451
4301
3872
5769
3006
98
2526
253
6646
1030
7471
6759
1098
3331
426
4478
4495
7746
4918
5925
2073
6769
8011
820
3399
2536
4907
2951
1476
3173
7535
6176
655
6928
7215
1537
1328
6360
2719
1555
7786
7279
3522
7213
1197
6290
5435
7755
6679
4892
6495
1364
6692
4597
3716
3208
598
5732
43
6437
1254
6051
4282
6713
6696
6359
1749
5899
7262
7717
839
5873
5578
3099
4086
4043
3970
6836
6425
7792
4091
1138
7183
7160
1392
4496
2000
4214
2171
462
3483
3397
265
4313
7576
2158
3111
4814
1386
7633
3094
1902
409
4203
1107
7356
1684
4280
3868
3711
2795
4019
5285
2881
1712
3691
8049
5794
6927
1405
8041
4113
817
5196
2525
2635
8117
5740
2917
445
6609
2421
402
1941
1966
3706
990
6681
635
6047
5911
3368
3500
4632
7711
5094
1748
5705
577
3251
1162
2620
6074
5512
4914
3578
8187
4029
4760
6761
3330
7529
7570
3987
5363
5572
957
1341
4278
229
6177
5899
5261
2131
6904
6542
1023
865
1446
4831
1920
6495
1900
2323
625
3569
3395
2506
781
3291
2440
5321
7012
801
458
489
4149
5097
2351
7320
587
8102
6233
6285
283
3646
866
4693
2458
1630
3381
5081
5285
6098
3109
3066
4920
7293
6946
5779
7746
7853
7222
7892
2124
313
1288
8140
6706
7429
1106
696
1188
4882
3645
4796
7041
4644
2548
1594
6674
3763
1530
2922
4660
2830
2801
149
1947
5403
5509
2316
2851
415
4805
3537
4799
1664
6416
6973
3153
705
2863
7191
80
5477
5869
5957
4950
4005
2600
713
6398
3442
2100
8061
2532
6320
6415
7775
7758
4587
6692
171
6052
7384
6502
2961
7264
7294
4710
6826
764
1909
5892
7252
3985
5662
377
2151
7494
3887
3729
3343
5262
7806
7650
4542
4871
897
6418
4264
2218
4667
638
7157
4924
176
6243
875
5955
4336
6268
4434
5221
2320
126
1566
5145
6040
1093
5798
4518
3863
4299
6255
3646
697
138
7489
1496
7879
4046
5137
7721
4246
8156
7425
1637
8153
5407
16
2999
4526
4259
8139
969
7646
6936
6616
8163
1533
3372
7226
660
7349
2441
7008
3937
2804
293
744
7706
5973
7026
1368
3582
5640
6175
5221
215
1472
3581
6310
2131
1444
2488
1076
6553
400
2076
8176
5819
8172
2382
4530
4067
2875
6235
5590
6264
5283
6374
5680
1277
2689
2439
1666
6168
481
7089
1772
1155
7725
4600
4947
5624
4398
7135
5519
3883
3281
3737
4082
5904
5969
5961
6716
931
7044
497
4868
4425
5803
5464
5812
4980
977
5742
4296
6853
3546
124
1406
1786
4237
5876
6912
4009
6755
2943
1366
7522
2093
3752
5441
5785
7560
1550
3066
6452
5278
5971
4917
1009
5282
7485
7954
7961
3843
1061
3284
1884
1762
6417
7079
965
5042
6471
4830
7595
2737
5606
8058
5952
3147
7618
3772
7834
465
5382
3743
7214
926
7171
6313
5291
3389
4206
3820
5969
2458
4220
3052
5431
1802
861
2910
6214
7603
2436
430
7664
7161
7775
3520
7249
6481
4105
2755
3923
7603
8160
2662
5095
6728
2819
3133
5210
5890
4565
7551
1044
1642
1718
221
307
4363
6380
4259
6614
273
7685
2695
1488
3452
7958
922
1311
3658
789
4217
5765
6901
5718
1580
1749
2470
5428
3508
4982
4329
5902
1230
5271
6620
6840
970
6985
3694
3276
4806
5030
4981
7467
4528
763
1174
5623
386
4896
4106
7190
464
5848
5093
629
249
4777
3050
3096
3266
6460
4993
274
2942
3790
7262
4298
4464
660
8033
3624
2343
1616
4454
3940
2059
1945
6365
2798
6228
6148
3362
3877
7820
5083
4957
974
5106
859
2249
4764
7987
5627
6749
5209
5951
4751
741
7359
6082
2669
1452
6406
2975
2986
6448
1482
2514
2485
2593
3985
7923
7945
4410
295
7891
4909
6611
4942
5848
7300
2155
2370
5918
2123
3880
6422
1554
7192
637
2806
962
6512
5282
7679
7852
6739
3268
1920
5329
7505
7063
3159
1255
793
5666
790
3145
6130
317
5957
7484
7332
6186
4731
1878
305
7721
1198
35
562
3096
5921
7462
164
561
3869
6611
6435
4305
7475
5764
2249
7192
1274
590
3087
1365
5298
687
892
2182
258
2760
2279
3138
2201
2161
4441
5553
2525
1988
191
4341
186
7512
2193
5694
6235
4027
1002
429
4588
7536
2528
7656
3070
4289
941
467
2507
2780
2372
2050
6715
7106
5133
6118
1148
4920
7094
1265
3463
7512
7087
4435
8035
5978
158
3336
5495
4926
7086
5595
1959
5405
7657
1314
3721
7950
3478
6180
4984
1071
3196
1720
4648
1659
4363
4914
5164
2025
5652
7350
2325
7792
6058
3864
1691
5555
2535
7381
4754
25
7407
1056
3531
6936
3190
3696
2599
3961
2947
2053
1413
4496
414
3892
7143
2664
1585
5810
5088
7635
6246
4642
3685
6391
59
1771
3818
5319
5068
5538
1669
5206
5286
5765
5413
1125
1753
3736
7209
6496
2799
8023
2881
1185
4607
2978
7893
448
5486
6503
5633
2378
6509
2751
3100
5489
618
3148
1901
4014
5208
4858
2763
6029
6615
976
7362
7093
6650
2263
1921
2264
3381
5298
2939
7464
779
8099
4937
2759
8095
8
7939
6167
5937
2101
3332
1984
1024
823
3125
151
940
5379
6311
8183
4140
518
1561
7474
5919
1754
2054
2364
262
7638
3846
7605
1151
2444
6320
7689
6384
6373
449
6683
2423
6331
3946
4751
8032
1186
4878
7781
2747
3191
3464
7854
7118
5840
4397
5376
7414
1385
3278
3724
6704
387
4503
5826
7109
3415
7460
103
2285
4592
7909
3756
3557
5972
3625
841
6128
3173
178
2140
5564
4840
5350
5088
7595
7300
5213
4785
7840
1161
7371
5342
3587
759
5083
5886
1367
926
4604
8166
7444
1730
5945
6099
6307
5788
3267
7674
547
2887
6602
5509
3883
816
7255
5319
816
2646
6339
6416
220
456
7834
5426
6980
3650
1789
1540
6004
7843
3091
4238
1151
3352
3866
4909
3747
3993
3086
6673
1950
1243
1278
8000
4237
7346
4220
2844
4182
4552
6096
5767
1449
1842
7112
3512
5157
7764
5316
7448
670
747
259
7178
318
2422
7395
40
6356
825
6667
4432
5412
7650
5226
6193
7688
7546
1492
4875
5758
3214
7425
7672
3546
6662
6966
4917
6364
6054
7790
4526
6005
1678
2471
578
6152
2944
6685
3230
1159
6541
383
5257
5739
5990
4336
7029
3178
4809
5845
4929
1824
6359
2789
2408
4943
7070
3153
5465
6425
6825
4126
6821
3843
3766
1693
3910
4683
3000
3327
5387
4757
7670
2318
4614
3054
844
2427
7555
5644
3227
4189
1019
4487
2
6023
5085
6984
5776
5620
4640
1547
7923
4827
8152
3515
1075
7033
2157
6995
6699
865
6328
6057
7287
7152
6917
5437
3819
4239
5368
975
1041
5284
2152
2544
2787
2870
7522
4184
2023
1581
563
1093
4251
2105
3517
2094
3695
6113
4744
354
5712
1381
61
4549
5768
3906
1788
6363
3577
6767
4735
2901
1712
800
6002
5820
6847
436
2079
1797
6526
3494
2032
8087
4143
6115
564
5954
6868
1984
7410
2578
6587
5395
4265
6833
2965
3167
3051
3210
110
2365
2252
6083
195
4187
5338
1605
8124
3194
4385
87
752
1720
7079
6986
1315
7423
7876
2543
6797
3303
2153
8144
52
3736
1145
4018
7503
7774
3497
3835
6039
3361
98
7196
302
5864
7292
7570
5085
1817
2740
5596
1688
664
7058
807
3880
164
5624
1537
1010
806
7634
5075
5810
7749
7732
4539
7679
6694
5204
927
585
4537
642
7300
6011
5987
5050
7803
758
1157
2501
1168
689
1611
6596
4764
7931
4424
4036
8122
3421
1401
5357
4602
8033
5732
1821
2491
3164
6298
2966
2718
2855
5849
1451
1622
582
5670
1826
3976
3941
4235
6288
7130
6931
1073
1822
5413
4697
6067
4546
55
3997
3290
297
3276
4575
4257
3661
1700
5435
886
6597
4547
3328
2686
6784
313
3626
4288
6922
5190
7462
5217
3174
4923
4055
2090
5255
2242
4399
4852
3939
7811
7111
7970
3784
5921
6297
6607
6748
6633
6418
7572
606
5296
6299
2746
1347
7372
7496
6241
4061
6329
3772
711
2004
3966
3856
2223
834
838
132
4396
7479
2409
6206
977
3902
5551
5548
6385
7294
6549
4271
2705
5621
4356
4076
5783
5024
3261
4546
7727
896
1323
3807
4124
4769
2138
7517
5194
772
4409
1757
3381
1219
180
5637
6552
8061
5393
989
4005
4057
4435
742
7042
5160
6296
350
7706
641
5458
5023
3081
5898
3820
807
4869
6260
1333
1007
3786
4905
2117
457
4068
300
3336
629
5487
1107
1045
8042
2967
6000
1448
6827
151
3638
164
6912
6599
5015
6530
3770
7408
7436
715
7001
4424
6749
6127
8066
3160
7090
569
5521
4164
7901
4412
7683
3634
4013
3786
1625
4695
23
5684
6381
3775
3897
2696
5357
4248
5044
2621
852
1445
2161
1627
4833
6768
2731
4838
7358
764
5196
5195
5449
2063
1738
6813
1787
7593
7309
3972
5637
3909
5799
6109
4124
2037
3870
7599
310
1498
7696
4300
7861
3950
4019
4496
8177
4860
484
4901
1399
4185
5943
1829
808
291
4805
1368
5966
7771
6873
3839
3273
5844
3600
5154
4143
3144
6641
1895
4597
5926
3136
6936
7493
2046
7520
3504
4358
1216
3747
7358
2907
6223
2516
1569
4188
4261
2293
4497
3465
4600
1490
3510
5530
6321
2291
137
3114
2665
7333
252
1628
1721
4125
6603
3583
6865
696
4907
6977
7324
5235
4457
504
7354
694
6680
6238
7436
2366
1511
1175
1233
2942
5790
159
953
1962
7553
712
958
7161
211
2870
2353
7835
1934
860
66
4719
8101
2820
3040
5996
1278
4407
7462
6826
7381
4860
7748
4801
699
6943
2585
2439
3215
7662
7854
1227
3714
5873
5285
1122
6039
152
2047
1428
3310
8066
5694
6411
2235
5224
2864
6890
3700
4712
5446
5120
4676
3102
388
6828
1547
4401
953
1628
4701
7101
6176
4695
3492
8066
6738
2006
7328
934
5267
4163
1104
6102
6117
7880
846
2003
5879
5903
6744
3336
3191
5288
6526
3089
7086
2327
6467
4838
975
2202
2365
3805
5749
1323
1190
7794
3364
4703
4305
946
3432
3412
3630
2424
867
2784
6202
1879
7517
2341
5730
6943
5975
7437
4653
5733
642
4250
1391
7884
6679
4174
4374
587
4035
2964
2527
3429
3162
4041
6929
350
7341
6638
632
3690
4636
2242
3353
5581
4749
5507
4876
7160
7765
6445
5604
6589
1378
4737
3442
1046
5769
6296
2404
3895
4843
7699
2160
6518
3646
1845
4514
3934
3882
2395
5767
6096
4773
7008
1216
1577
3887
3419
4832
5624
5718
755
1305
5588
6394
2749
6283
3649
4319
1569
919
4862
21
6141
2483
316
3971
7081
3754
2606
5440
2705
5235
1097
2981
970
4305
2291
70
665
6508
3743
4289
6945
113
6816
963
642
5714
1920
5140
3031
891
7548
2669
4480
2579
4814
916
7909
2831
6638
5698
7085
2294
1838
7035
1555
5570
3704
2500
4287
4406
3744
1604
6346
5550
4849
8124
5678
6973
6877
5134
1459
3934
6347
3530
6358
3910
3984
3446
7149
1073
3041
2853
2794
3729
3943
2604
7557
3895
973
5571
7550
858
4752
4149
3432
7559
8018
7580
2744
2402
6038
5692
598
713
7623
903
7128
1563
5230
1449
7701
946
7263
5553
3273
6878
8120
5653
868
447
3253
895
5401
5495
1779
3671
997
1934
4139
7382
1884
5204
4305
130
4661
4550
3105
1771
1114
6029
3433
2321
2509
1223
6267
6993
4907
297
2045
7659
8063
1827
153
4297
2587
6795
6886
6219
5585
3625
4244
3983
2044
6662
1372
1596
1415
4917
1302
2364
1500
5737
4983
7140
6067
6524
3622
6834
6359
6914
1767
889
4800
1344
6482
866
1258
4403
3571
4608
5667
3393
4959
3425
4466
2152
4856
4926
1684
2819
3495
6187
716
4197
638
5316
3978
4548
6101
8056
2296
5093
6500
5822
844
3293
552
382
2376
1631
6533
2681
5924
3125
1277
5192
4988
1947
6300
2291
6105
380
2592
5062
5208
1956
3409
73
1761
6488
3595
1496
1057
3569
1468
7840
3181
7541
7258
4392
119
6984
7600
4642
139
5538
6422
3314
1585
3104
3112
2357
4534
4019
7796
4659
6069
1812
6937
1999
4578
4402
6748
7877
1779
5415
5007
6459
4501
1376
7874
1758
2229
5774
7580
7189
7677
5620
3183
563
5441
5959
1271
5517
525
3212
3167
5803
4208
1313
824
618
6392
6055
4581
7110
3606
7176
7770
5741
7644
5673
2284
4876
7446
6063
6892
4080
8175
7976
5664
5643
5342
1740
4011
2565
5852
6236
5888
7630
5563
4976
7611
6422
732
3594
1036
1483
1065
4472
7531
1767
759
4150
6762
1583
7931
6309
8078
8173
292
3669
2995
4304
2712
346
3518
3709
5132
5890
7701
2383
6372
5271
1324
3980
6565
3886
1610
4466
228
2219
6341
337
2897
6930
3154
6980
1089
7339
2782
1609
5656
3828
1643
5865
62
7961
1714
6023
8156
766
3549
6742
5519
6993
4303
5298
5945
704
5115
85
5854
4328
5321
1787
1823
6155
7326
3106
5359
6646
3157
7506
6962
8171
2464
6644
7911
5417
7352
72
1519
4524
1312
7006
2371
1192
542
214
6961
2439
2302
7874
6024
1183
4843
3196
6867
3977
3386
1779
4160
4844
7951
3080
6362
3648
4336
6908
4012
6136
5383
5537
6443
2046
4444
2503
1684
5047
7299
5227
7621
2582
7226
6630
4292
2016
211
7597
4067
4559
1352
4243
4974
510
6452
5990
4612
4285
8105
6296
2949
5559
2103
1384
3515
3862
176
1124
3404
8144
6790
1159
1616
1890
2657
5300
564
3589
664
5963
8111
5098
2185
2990
4944
5635
812
4569
454
2031
2152
6286
7115
1477
629
879
7320
1848
2197
7216
