4078
264
2315
4974
5890
3120
295
5819
5380
163
273
4947
5212
5407
7975
504
2526
5556
7250
6404
6575
7372
2628
658
3765
6228
3510
2972
5179
8004
3292
4615
1086
1849
6425
2822
3992
2231
7396
5519
1184
1958
1148
956
2
1926
5766
5015
2596
6766
3900
4165
291
3063
931
8129
2132
7255
2019
4645
4159
1362
5546
4538
4767
5648
1284
1754
3810
7629
5481
983
1608
3086
6896
1523
6229
3297
6799
5686
3648
5458
1599
97
6318
5080
3455
3902
925
5109
5467
3278
5287
1644
1945
1053
6221
6896
1662
3478
6406
6612
7113
2755
7451
1822
1174
2459
1047
4814
4780
2502
2241
3740
5784
1156
8022
6547
3701
857
7726
4363
8169
3183
5422
7038
153
5829
7491
3975
5035
611
4378
7
7933
2340
2034
2698
3574
5735
2635
4081
160
4807
872
2969
2248
7948
7863
5229
8153
470
8110
5897
6260
2724
2704
7190
3882
3356
4855
3307
6483
211
3864
1503
773
6265
6795
2127
2652
6725
3533
6463
8011
5545
7174
396
6185
5373
5751
5759
5679
7684
5506
5735
759
7973
3546
1762
685
7013
6428
846
3301
1236
7656
7250
4690
1109
2130
1250
249
464
7734
7429
4207
2502
6471
933
4639
5142
5233
2003
3671
680
5250
7109
1510
2549
1651
6897
7616
1208
4568
4971
4765
1182
2373
4703
1188
6970
6265
5522
6472
2501
3826
7325
8049
1349
156
6936
1854
3042
6857
382
1523
4395
4249
3040
2024
6141
7287
362
3777
540
2416
317
6386
6578
3484
5067
1765
4777
4154
3836
4427
4711
4403
8179
541
3411
5055
1819
5274
4815
2744
6769
2459
4362
6960
5064
3845
6609
328
5126
5640
5272
114
600
3996
5157
6367
7725
7862
3896
984
7090
2143
2698
4680
5837
7035
3444
4765
3114
1708
7148
566
2081
1145
7616
2726
89
2560
4408
6811
7060
4988
7105
3128
791
1743
1598
4472
6707
5364
4059
2441
7991
849
6004
4149
5873
5804
3864
4086
4675
7158
704
2295
4254
876
3975
1446
7094
6822
3354
6960
4761
5914
4397
6086
3094
7931
6660
829
3884
6728
4743
7443
2684
6140
4340
5501
6682
6095
982
2811
2143
3070
2437
2524
8086
6180
1233
4850
1123
5386
285
7482
801
518
3314
450
1879
4151
323
3210
2734
5245
5077
2344
4790
6929
3746
4845
7013
1894
6598
6314
3562
131
2506
3501
1627
2421
3263
3872
3027
2264
89
5895
1050
218
5305
1097
5923
3504
6651
1007
1697
830
2814
1986
1361
1081
4976
6920
1909
2313
3525
1057
3630
6648
4433
2625
473
4858
4467
1800
7288
4315
221
7142
3072
3064
4011
2107
2595
6436
3967
5492
214
778
2917
2550
5607
7935
5492
5261
4871
2993
3757
7841
6774
3123
3607
3606
7778
5044
440
894
2598
5707
7069
1530
3649
4193
5317
5927
2881
1999
2214
1901
6932
1061
1226
1084
644
1755
4197
4747
7397
5739
198
2225
7573
7617
4452
2529
1333
3275
1803
7765
8096
3445
7712
3052
6010
3410
513
6594
5346
192
944
2054
3208
3625
6458
3901
6583
7096
1975
1113
1472
7654
6723
2497
1964
6415
4169
4873
6501
2984
7993
4770
2223
569
7988
5016
7619
2590
3859
5985
5394
572
4700
7385
6687
5599
6602
6306
4341
4683
3320
2442
930
2891
1672
665
4915
1879
2647
4570
2413
5499
197
1248
744
1767
1390
8187
6141
1607
6487
7622
2925
3523
1947
5226
3387
399
2486
5021
5320
3527
109
1028
3307
3008
5119
3337
7440
8013
6519
1344
7194
4783
4274
2421
1654
7550
3936
2280
302
3331
3796
1299
3601
6643
1346
5666
7788
566
5781
1270
6595
373
7830
814
6361
6868
5474
2924
3554
2166
4200
7907
6126
5661
164
3563
7518
1983
4866
3158
3299
6082
4506
2288
2643
2084
7902
907
7944
628
3354
1607
5333
3646
8106
2534
7518
3007
1941
2502
4908
1212
1142
899
830
87
3291
4096
6908
880
1983
3588
5505
5554
285
790
5851
7074
6527
7401
923
7116
5701
4631
6822
7199
243
4495
4678
6071
7510
6338
6239
7334
7665
7269
7481
3682
4848
431
5112
3144
1659
7214
6964
3214
5375
7809
4178
5242
7095
4458
412
1495
7387
4709
7282
133
6647
3980
4734
244
3238
2542
4344
4169
246
2896
5001
7745
848
3386
7153
2223
989
1064
4965
3379
287
2054
1271
5043
234
2609
373
1021
2946
5873
2606
995
4243
5292
3001
1188
7894
481
5872
7729
2660
2231
5347
1718
535
2760
1066
2073
2965
4621
7149
5848
751
7852
3903
2520
5959
4153
41
852
3544
6405
1598
7556
4939
6975
2786
4255
2427
3702
3711
1926
2490
1491
4188
2166
254
3691
1617
767
2465
911
7260
4605
4940
870
7044
1331
2325
3688
1637
5401
1181
2922
2948
7412
7138
7134
5931
83
2912
1021
7061
3395
1197
1319
2425
1507
6269
3006
1729
5520
4904
6466
7487
231
5556
2004
2447
8096
6236
3914
1755
2786
2620
6083
7631
2908
7796
1614
4770
1344
5497
121
6027
1774
7598
360
4054
7442
4429
3743
5130
1126
3328
4087
1137
3134
1945
815
7889
3692
5337
622
6105
81
3804
2582
4083
6215
7395
2732
6222
7801
3115
1151
3342
5162
4571
5603
7167
3420
5850
7571
6325
2597
6116
5318
1254
3630
5112
7692
7296
7985
6541
4378
2044
8065
8010
7814
1649
5492
7742
713
3035
7572
8097
2124
7951
6657
378
2079
2337
883
7770
4116
8124
2885
7766
1303
5126
5174
6071
4443
4555
3085
129
7005
346
3829
959
8073
6187
2637
1719
5939
2888
5326
1228
178
3960
6181
7672
4507
2753
8169
1894
7423
4270
4082
8139
3623
2275
6579
4115
146
3712
6810
76
1906
3370
4115
7180
7367
2857
6225
4339
4894
4824
396
7005
4983
2374
4017
6509
4396
26
5609
7062
2742
6616
1068
7174
4921
6412
7819
12
4146
1936
7627
2960
1443
6511
6961
5670
858
2197
6274
8095
1771
5300
8000
1062
5062
3825
273
7855
5245
824
5346
878
3877
109
7431
2426
1022
3447
4287
3905
5653
7247
5356
7033
2671
6624
6888
1848
4802
3559
352
95
6668
7893
7675
6675
1892
2218
6804
2154
7735
560
5632
4754
1396
423
1718
3949
2805
4358
5537
4869
6875
6706
972
3976
4823
3060
3394
254
276
6753
7062
5049
5294
7341
6021
1505
6036
3064
1382
675
5728
2841
5658
2537
6230
4544
878
4258
4553
6898
1270
2200
450
4659
1754
430
6729
7713
3855
7446
3143
4598
7689
6601
441
5519
5815
4034
5569
1510
357
6903
5643
7632
6215
5510
4187
3501
274
5739
1672
7860
4759
7421
6833
7671
7377
6650
101
6551
1736
3893
5460
4441
5837
1571
767
253
553
2922
574
4143
2134
4856
4442
3151
1559
1489
7039
2347
2604
1700
7810
1915
7319
356
3254
5603
6718
5734
5087
2288
6805
6912
5619
7758
1727
7904
5815
4521
4265
4208
7113
608
1399
3724
1218
8114
2544
7702
6469
983
4023
6388
1868
7653
7038
5958
4605
6127
388
5246
5453
4730
3616
2124
3663
2473
7381
5335
5792
6755
528
360
5689
1206
7092
3537
1742
806
3540
6941
1927
5178
7106
5621
179
3604
4020
5142
4951
7539
6766
1908
6981
5834
5434
349
6973
6967
1021
3146
2356
7085
4469
7620
985
5007
6536
1744
1832
2492
4356
6806
3163
1266
462
2574
1238
5806
3758
4460
2950
7879
4170
4435
5656
6570
1878
5738
946
7558
2416
3820
4651
971
1867
3926
6208
6842
3789
1996
4334
6502
2368
2470
7352
3250
3997
6608
7675
4423
457
1355
3218
3909
2224
216
7113
440
4187
7290
427
6210
1687
564
726
6829
6494
7759
2166
8115
4517
3534
870
4323
5302
4931
7259
3046
4875
3887
1391
5840
2757
6698
3432
7130
2534
6566
1174
7758
4724
4614
2852
3235
120
2368
4151
2984
3318
7254
7239
4098
3873
7525
7988
195
5971
2740
7443
7020
4898
1693
1947
2445
3186
7521
6558
1395
6329
2863
5999
6138
549
3147
5297
5738
5004
2533
4559
731
1283
1276
7609
501
4806
4004
8148
5778
5714
4274
5001
2972
5329
7886
1302
1082
937
3257
6928
3884
3180
3157
3108
5309
2657
5070
4666
5080
2934
5505
4749
3312
2422
5572
7303
393
5375
4074
5705
5987
2325
974
3407
3031
1532
7132
5655
2155
4348
7121
4199
1863
5161
6039
7125
5660
1887
2079
2982
2883
2256
555
1868
2388
5514
2985
6869
6314
7161
1552
7018
6777
7797
5104
283
6417
3428
2626
6824
5867
7695
4758
5463
1172
6860
1310
287
4148
5783
1936
5277
7711
753
5348
4858
6939
5908
6099
6945
3578
6953
999
3872
4488
6569
7572
4282
1099
7691
7110
1132
5830
1763
151
4063
7880
3710
3678
6289
6645
7600
2810
6938
2496
471
1724
7755
2054
6723
2156
2284
656
1488
4874
5898
6128
6389
2432
3867
4272
2400
1509
6207
4190
6435
2538
2558
6849
3095
4531
3755
494
4264
3336
5216
2352
295
1373
6578
370
7777
757
2109
1483
3433
629
6454
1905
498
2395
897
4729
6119
6054
4082
5840
2624
2105
3893
6180
2688
2195
1689
3749
3958
6443
2913
4597
3642
2087
7307
6932
6410
560
3391
781
881
714
3929
3040
3347
7258
7741
4947
2694
4104
7570
7307
211
8158
6193
3264
4990
3682
6172
4937
7758
4796
1424
3734
7606
5375
4829
3455
5423
2139
7529
4784
7321
2621
3403
2648
7924
7865
6353
1751
7004
787
4823
1118
5403
4171
4818
7309
3435
7968
966
5441
7094
3166
4860
972
3204
4369
1752
247
6875
5708
39
631
4983
1670
7927
5369
1785
5359
563
3549
1113
5148
6915
939
5593
1201
985
935
7403
4919
1421
2446
6577
6661
2489
7956
5616
3730
678
8002
35
1296
4439
6128
496
8048
11
27
8113
341
1113
3515
5164
5518
3054
2100
5441
4682
1842
5919
7195
5306
7485
3490
7648
7695
415
1132
4715
36
8067
5115
4092
1352
1372
531
4562
4116
6258
4472
3844
6160
652
6255
6766
2451
3955
1008
3993
904
3549
2759
2946
2291
948
2160
6246
4024
5852
2093
1778
2731
2071
5368
6805
2265
3801
613
7700
4760
511
131
5260
4487
2700
7012
6686
1159
7501
3854
1026
2715
8058
4292
6371
2154
4630
5453
4081
4665
5141
4523
6644
545
7933
5594
4473
7184
6609
7915
7910
255
6059
2489
2400
5118
6900
2188
6625
3616
513
7079
5994
2690
2229
1145
2238
1721
3519
7971
1795
7619
5412
1615
1048
7288
7903
2806
7867
397
213
4922
3955
7028
987
3541
8125
4991
5561
6203
1044
1974
5232
3832
2480
6860
5883
6695
5139
2376
2144
2230
280
115
1219
3288
2684
1707
674
584
3985
5519
986
2313
2804
688
119
3668
8036
3003
7350
2744
916
2130
4447
2015
4027
1588
7243
3088
3939
1094
6749
3962
1460
5600
4751
1698
1870
7093
3846
7697
7076
765
1294
6812
3349
3879
592
4790
5737
1975
2178
6483
2564
3385
5373
1978
180
5996
5426
707
1498
8022
3623
1078
6359
947
7275
6649
4400
102
1813
774
2977
554
4330
4476
7913
2224
1510
974
5874
2932
1621
7700
2557
4997
387
570
2752
6208
4943
2605
6440
7999
7276
7356
6118
5997
464
4932
2334
8096
6786
3024
5709
3379
3298
4178
6935
6371
5560
4046
4042
3545
6047
458
7433
4591
2981
3054
2142
4166
2811
3827
6773
5013
1589
6532
3772
5384
5817
3742
59
5829
5340
8149
3009
547
7037
8156
7649
6412
6986
2493
337
6249
685
597
1540
6699
3750
6546
2824
3793
2236
665
3170
7689
6808
8088
4459
568
922
1688
7899
6372
6268
1903
6407
7542
3090
5023
3665
7925
7075
5232
1775
2185
4145
5259
7335
2520
3296
775
6799
5947
5999
1556
1479
5445
6173
3918
6861
411
2182
5343
6128
4160
5765
4419
2798
3892
