1230
4895
1917
308
1209
5834
7722
722
3400
1739
5384
4755
499
3460
5976
3644
168
737
1459
955
3675
7355
6385
211
7656
2313
4239
4763
7929
1349
5527
1051
2974
2284
4311
2170
4751
6935
6637
3569
4606
7086
4939
6153
2529
7061
6002
7434
6490
1873
3812
7657
3157
4934
330
1766
1619
5789
4607
2343
4597
791
6660
3979
3053
5363
1930
3482
8021
5689
1117
3307
6836
915
2315
1082
7552
6750
4620
7814
7208
7630
7338
3555
7089
7014
7671
3792
5301
4778
8000
7170
7587
288
2840
4870
2274
5266
5512
2726
6420
5283
5161
403
6066
3344
3704
7051
4248
7390
2697
883
5637
6787
2562
8189
3680
6290
7363
3066
4378
1415
2707
4066
7904
6419
4740
6885
295
4476
383
497
3567
3866
2796
5431
3841
61
5564
3611
5229
7366
4430
3189
1791
7523
3612
5967
7231
5977
2010
660
1455
7468
5186
171
705
4085
3230
2139
3441
1173
7122
3646
7938
1622
1507
1442
6453
1543
6623
1379
4676
822
5770
6470
3584
335
1759
1696
5261
7549
2768
1962
2605
795
3751
203
5633
6099
7211
751
6806
5887
344
1412
4520
609
5700
1131
