5634
6253
2052
7685
1658
7159
1804
2643
3586
2899
7924
7065
6140
1557
1325
3968
4938
5951
5350
4654
3519
2676
817
3119
7265
5303
5780
3493
6071
1488
6838
559
7339
4319
3292
7552
7301
6535
2129
8190
5783
3435
2030
1053
6623
1537
1494
7799
6443
5006
3895
2097
5340
119
939
4273
4429
494
4234
5465
6450
6731
3124
1056
7244
3519
7944
553
8071
4426
448
3054
2820
394
6000
4553
7699
8031
3256
2123
619
8055
1822
5152
7467
686
1444
7232
7770
7001
5999
1659
5643
5251
465
1246
6682
1764
5312
7056
314
1311
2395
3612
668
6451
1951
1078
6274
7877
7030
6583
661
1650
4654
3520
6263
3291
3957
5021
1237
6408
1364
685
1111
7169
585
6379
4382
6479
4152
5612
3937
5415
3560
62
5990
2967
5959
7863
6820
4525
2502
2550
3127
4029
1441
4807
2374
995
5465
7300
5886
7339
3734
4878
4745
6587
1710
7069
1239
1148
5985
4113
6451
4353
5206
5068
617
1322
4985
4691
7546
940
6487
7313
461
709
6733
7031
416
7362
5446
2712
11
6004
5732
6878
3687
2939
963
166
2377
330
5478
4618
7858
7695
588
7386
