8143
8041
7838
7756
7733
7715
7687
7674
7581
7569
7449
7354
7229
7182
7167
7138
7099
7085
7082
6983
6941
6922
6915
6901
6886
6736
6712
6708
6685
6662
6553
6498
6487
6444
6414
6414
6411
6400
6366
6362
6326
6321
6255
6236
6231
6200
6121
6075
6039
6013
5925
5919
5893
5810
5723
5703
5688
5619
5598
5540
5515
5491
5405
5357
5294
5274
5234
5207
5169
5155
5151
5080
5076
5066
4959
4901
4898
4892
4879
4841
4817
4792
4654
4636
4544
4456
4428
4419
4396
4338
4331
4257
4224
4062
4044
4038
4036
4014
4000
3906
3878
3821
3743
3738
3642
3584
3501
3495
3476
3459
3397
3334
3329
3257
3253
3245
3224
3207
3189
3157
3081
3066
2942
2938
2919
2907
2881
2852
2815
2798
2766
2730
2714
2676
2662
2641
2604
2490
2330
2279
2271
2255
2085
2045
2000
1970
1821
1748
1694
1646
1637
1623
1606
1585
1534
1449
1375
1336
1328
1302
1272
1266
1261
1200
1192
1161
1100
1020
929
893
885
849
842
839
795
729
727
676
671
663
644
623
579
569
532
495
317
313
296
276
219
214
204
197
192
135
121
81
19
2
