8178
8178
8178
8177
8172
8167
8160
8154
8150
8149
8123
8121
8109
8099
8098
8094
8093
8090
8089
8086
8084
8080
8077
8070
8066
8062
8050
8050
8047
8042
8041
8040
8040
8031
8031
8022
8020
8009
8003
8002
8001
8000
7999
7999
7988
7983
7977
7974
7969
7967
7963
7963
7960
7958
7955
7953
7946
7944
7944
7943
7941
7931
7925
7917
7914
7912
7912
7909
7908
7905
7904
7901
7899
7896
7896
7891
7884
7881
7877
7870
7866
7863
7862
7861
7860
7853
7851
7848
7842
7834
7833
7826
7821
7815
7814
7813
7812
7808
7808
7805
7799
7795
7793
7788
7782
7781
7778
7778
7768
7765
7762
7751
7744
7744
7741
7739
7736
7710
7709
7708
7694
7694
7692
7689
7685
7684
7678
7674
7671
7665
7656
7656
7651
7650
7644
7632
7630
7628
7625
7623
7617
7610
7607
7604
7604
7600
7592
7587
7585
7579
7578
7576
7570
7570
7569
7568
7564
7562
7557
7549
7541
7540
7539
7535
7528
7527
7526
7520
7518
7512
7511
7507
7505
7504
7503
7492
7481
7474
7467
7464
7457
7456
7444
7437
7429
7424
7399
7396
7384
7380
7376
7375
7367
7360
7359
7355
7355
7344
7341
7340
7331
7329
7329
7328
7326
7325
7318
7318
7308
7308
7306
7302
7300
7297
7290
7290
7290
7287
7287
7284
7279
7273
7267
7257
7256
7254
7247
7236
7234
7234
7230
7228
7221
7213
7210
7209
7209
7204
7204
7204
7201
7195
7192
7179
7177
7177
7173
7170
7160
7154
7147
7144
7134
7134
7131
7124
7123
7121
7119
7098
7097
7097
7096
7096
7095
7094
7077
7075
7064
7060
7056
7050
7048
7048
7045
7045
7044
7041
7036
7035
7027
7026
7022
7020
7017
7014
7009
7008
7007
6991
6976
6974
6971
6964
6963
6960
6959
6953
6948
6937
6935
6933
6932
6928
6918
6917
6915
6912
6906
6905
6904
6903
6893
6889
6868
6867
6866
6859
6856
6853
6850
6848
6834
6829
6824
6823
6820
6817
6806
6800
6792
6790
6787
6785
6784
6764
6757
6755
6755
6754
6753
6746
6737
6735
6733
6730
6725
6723
6721
6714
6712
6711
6706
6706
6705
6704
6699
6695
6693
6692
6690
6688
6685
6681
6668
6665
6661
6660
6659
6655
6646
6635
6622
6620
6618
6617
6615
6610
6609
6607
6596
6593
6591
6589
6571
6567
6562
6554
6546
6544
6539
6536
6533
6533
6531
6531
6522
6521
6502
6499
6498
6495
6491
6490
6490
6486
6483
6483
6481
6478
6472
6470
6463
6462
6461
6456
6454
6453
6447
6441
6437
6436
6435
6434
6426
6425
6422
6421
6411
6409
6408
6403
6396
6390
6390
6390
6384
6384
6383
6383
6381
6377
6372
6366
6364
6360
6358
6357
6355
6347
6345
6341
6340
6333
6332
6331
6329
6327
6322
6322
6314
6312
6304
6304
6293
6291
6280
6279
6279
6277
6276
6259
6257
6252
6249
6249
6246
6246
6243
6242
6240
6236
6235
6232
6231
6231
6225
6208
6204
6203
6198
6193
6181
6180
6180
6176
6173
6173
6173
6163
6162
6160
6157
6157
6155
6152
6152
6150
6143
6142
6139
6131
6124
6117
6116
6109
6107
6102
6090
6090
6087
6076
6072
6072
6069
6068
6067
6064
6063
6057
6054
6041
6039
6038
6034
6023
6021
6018
6014
6003
6001
5999
5992
5988
5987
5985
5973
5970
5968
5967
5952
5950
5947
5945
5942
5936
5935
5921
5911
5910
5905
5895
5878
5869
5863
5860
5858
5846
5845
5844
5844
5838
5834
5832
5830
5827
5826
5825
5822
5821
5819
5815
5812
5810
5806
5804
5804
5795
5794
5794
5793
5792
5783
5773
5766
5757
5749
5744
5736
5732
5729
5727
5726
5724
5716
5716
5706
5705
5703
5702
5700
5694
5690
5684
5676
5670
5667
5662
5658
5656
5645
5642
5641
5640
5640
5634
5628
5624
5621
5617
5614
5613
5613
5608
5607
5606
5602
5595
5590
5589
5588
5573
5570
5568
5566
5558
5556
5556
5554
5553
5545
5542
5541
5541
5541
5541
5540
5534
5534
5533
5526
5522
5520
5520
5513
5512
5511
5511
5508
5507
5497
5493
5493
5491
5489
5487
5483
5467
5465
5460
5458
5457
5451
5443
5441
5435
5432
5431
5425
5424
5421
5418
5409
5408
5406
5406
5404
5402
5398
5395
5389
5377
5376
5375
5371
5361
5355
5345
5340
5340
5339
5328
5327
5321
5316
5297
5289
5288
5280
5276
5268
5268
5261
5257
5257
5255
5253
5248
5243
5242
5238
5231
5230
5224
5224
5223
5216
5213
5211
5207
5204
5202
5196
5195
5187
5184
5180
5174
5168
5165
5161
5157
5149
5149
5144
5143
5142
5140
5139
5127
5122
5122
5122
5121
5121
5119
5115
5113
5099
5098
5096
5091
5091
5082
5079
5077
5067
5065
5063
5059
5053
5047
5038
5037
5031
5011
5005
5003
5001
4996
4991
4988
4987
4983
4980
4964
4963
4948
4948
4947
4946
4945
4942
4940
4937
4927
4926
4926
4925
4924
4921
4919
4919
4908
4905
4901
4895
4882
4877
4875
4870
4869
4865
4859
4841
4832
4831
4813
4813
4809
4809
4802
4798
4797
4790
4778
4770
4767
4765
4764
4756
4750
4750
4747
4745
4737
4734
4733
4730
4729
4729
4728
4725
4721
4720
4714
4714
4713
4705
4704
4697
4695
4686
4686
4681
4681
4678
4677
4672
4667
4666
4664
4654
4652
4651
4640
4635
4623
4619
4619
4619
4617
4608
4591
4589
4588
4586
4578
4578
4574
4561
4559
4558
4555
4554
4553
4540
4536
4533
4532
4518
4516
4515
4507
4507
4498
4480
4479
4474
4473
4469
4466
4466
4465
4465
4462
4461
4452
4445
4436
4424
4410
4405
4404
4402
4399
4398
4390
4382
4381
4379
4378
4377
4368
4366
4344
4337
4336
4335
4331
4326
4325
4317
4317
4311
4309
4303
4302
4296
4295
4291
4289
4287
4283
4283
4281
4280
4274
4264
4258
4258
4257
4257
4253
4249
4249
4237
4232
4225
4218
4217
4215
4214
4213
4204
4196
4196
4191
4189
4183
4174
4173
4170
4167
4167
4165
4163
4162
4159
4151
4145
4139
4137
4133
4128
4128
4122
4116
4109
4107
4103
4100
4097
4090
4089
4083
4083
4082
4077
4070
4069
4054
4051
4046
4044
4039
4029
4018
4017
4014
4009
4009
4006
4004
4003
4003
4001
4000
3999
3993
3987
3984
3973
3969
3965
3947
3942
3940
3937
3932
3931
3926
3925
3914
3904
3904
3902
3893
3884
3880
3878
3874
3873
3871
3869
3864
3862
3861
3857
3852
3846
3845
3845
3842
3840
3839
3833
3821
3819
3815
3804
3803
3800
3797
3796
3794
3794
3790
3787
3785
3784
3780
3772
3770
3763
3763
3758
3756
3753
3747
3746
3735
3723
3719
3716
3715
3713
3712
3710
3708
3707
3697
3695
3695
3692
3690
3689
3688
3687
3677
3669
3666
3665
3665
3664
3661
3659
3651
3651
3640
3634
3633
3630
3626
3613
3609
3608
3608
3606
3601
3591
3584
3581
3578
3576
3573
3569
3568
3566
3563
3559
3556
3546
3545
3544
3537
3537
3536
3535
3531
3527
3526
3526
3519
3519
3516
3513
3500
3499
3496
3489
3485
3482
3471
3468
3465
3455
3446
3445
3445
3444
3432
3431
3431
3423
3421
3418
3413
3407
3397
3392
3388
3387
3380
3375
3368
3360
3360
3359
3355
3355
3348
3344
3342
3335
3327
3326
3325
3322
3316
3314
3313
3309
3309
3307
3300
3299
3283
3282
3280
3279
3278
3269
3265
3255
3240
3238
3229
3216
3209
3208
3204
3200
3188
3188
3183
3173
3172
3166
3156
3149
3148
3144
3139
3138
3136
3122
3113
3107
3084
3077
3073
3071
3070
3069
3063
3059
3053
3049
3045
3032
3029
3029
3021
3021
3019
3017
3014
3013
3011
2993
2990
2983
2978
2969
2958
2950
2946
2942
2940
2929
2921
2919
2917
2913
2913
2906
2903
2901
2901
2899
2898
2896
2893
2891
2887
2887
2880
2880
2873
2872
2872
2871
2861
2858
2857
2856
2849
2848
2843
2842
2837
2833
2832
2828
2826
2819
2813
2811
2810
2803
2799
2798
2797
2795
2791
2791
2790
2788
2777
2774
2774
2773
2770
2767
2765
2761
2760
2759
2759
2750
2750
2747
2746
2746
2737
2733
2733
2732
2731
2722
2720
2717
2709
2708
2702
2697
2697
2694
2692
2682
2677
2672
2672
2669
2666
2660
2657
2655
2655
2649
2648
2641
2631
2631
2622
2608
2608
2605
2602
2602
2600
2591
2589
2584
2583
2581
2577
2575
2566
2565
2565
2556
2556
2554
2545
2544
2542
2529
2521
2518
2515
2510
2506
2504
2503
2490
2490
2489
2475
2471
2467
2466
2463
2462
2454
2450
2448
2448
2446
2446
2443
2437
2437
2426
2425
2422
2422
2417
2415
2403
2400
2400
2398
2378
2377
2377
2373
2366
2360
2350
2319
2313
2312
2308
2308
2308
2304
2286
2285
2284
2276
2270
2263
2261
2259
2256
2246
2243
2242
2239
2234
2234
2220
2219
2217
2212
2206
2204
2199
2199
2191
2190
2176
2168
2163
2162
2159
2157
2151
2149
2146
2145
2143
2140
2137
2135
2127
2115
2110
2109
2109
2108
2107
2102
2096
2091
2088
2084
2080
2080
2076
2072
2066
2056
2038
2035
2031
2027
2026
2026
2025
2024
2023
2019
2011
2010
2009
2006
2005
1993
1989
1986
1985
1985
1980
1970
1967
1967
1967
1967
1966
1963
1960
1953
1951
1950
1950
1950
1947
1937
1937
1937
1929
1923
1919
1917
1912
1904
1904
1902
1896
1894
1892
1890
1885
1873
1872
1868
1867
1863
1860
1858
1855
1854
1850
1848
1831
1824
1813
1812
1794
1792
1787
1783
1781
1780
1779
1759
1758
1754
1754
1753
1740
1739
1736
1734
1734
1721
1720
1719
1718
1714
1710
1709
1708
1703
1696
1696
1695
1692
1685
1676
1665
1663
1662
1661
1661
1656
1655
1650
1650
1649
1647
1646
1642
1639
1634
1631
1627
1625
1624
1623
1622
1622
1618
1616
1615
1611
1606
1597
1596
1592
1591
1589
1585
1575
1574
1558
1556
1554
1551
1548
1542
1537
1534
1524
1521
1520
1520
1518
1509
1504
1501
1500
1498
1493
1487
1480
1479
1476
1470
1467
1458
1456
1451
1447
1445
1434
1429
1429
1428
1426
1424
1417
1411
1405
1403
1399
1398
1395
1395
1384
1369
1364
1354
1347
1337
1331
1330
1326
1319
1312
1311
1309
1308
1308
1305
1296
1296
1295
1293
1290
1289
1280
1278
1276
1272
1271
1268
1265
1265
1251
1250
1249
1245
1240
1240
1239
1239
1236
1231
1229
1225
1218
1215
1209
1206
1205
1203
1202
1198
1197
1196
1192
1192
1191
1184
1180
1175
1172
1166
1153
1152
1149
1145
1144
1136
1133
1132
1126
1124
1121
1120
1116
1096
1090
1090
1086
1086
1080
1080
1075
1072
1069
1067
1059
1054
1052
1051
1051
1049
1048
1043
1043
1040
1038
1035
1032
1029
1026
1016
995
994
976
975
972
970
970
962
962
958
954
948
948
947
941
928
927
924
918
914
905
905
900
897
894
891
885
880
877
873
869
869
867
864
863
862
861
851
850
844
838
838
836
834
834
833
831
824
820
819
816
814
812
811
810
809
805
802
797
788
786
778
777
776
770
764
761
753
750
748
747
733
731
723
722
711
707
699
696
691
686
682
678
674
667
667
663
660
655
648
647
638
628
626
625
623
606
602
601
596
586
577
566
565
559
547
544
541
534
534
532
525
525
525
522
518
517
514
507
505
499
492
491
482
480
480
478
476
472
470
470
468
466
463
452
451
449
444
436
432
432
429
427
398
394
392
388
384
383
378
372
367
366
366
365
351
350
344
343
340
328
327
327
324
324
322
320
320
318
308
302
295
285
284
277
274
256
253
250
249
247
239
236
235
234
233
231
231
227
222
195
181
176
172
167
164
157
156
154
153
151
146
130
117
113
111
95
95
93
90
85
84
83
82
81
80
79
78
75
75
67
65
63
58
28
13
9
1
