8182
8142
8035
8007
7981
7888
7879
7845
7585
7577
7460
7458
7414
7398
7370
7284
7266
7258
7242
7231
7186
7182
7179
7067
7064
7055
7040
7010
6992
6964
6778
6756
6699
6596
6596
6577
6553
6530
6507
6450
6418
6373
6362
6281
6270
6164
6163
6158
6090
6083
6027
5982
5966
5928
5886
5883
5879
5879
5822
5812
5715
5643
5614
5550
5533
5524
5522
5508
5480
5416
5379
5375
5370
5354
5353
5311
5253
5177
5141
5137
5076
4904
4897
4809
4804
4666
4607
4598
4575
4548
4542
4418
4411
4407
4386
4120
4098
3997
3976
3838
3760
3710
3667
3651
3637
3605
3553
3524
3316
3212
3212
3190
3179
3179
3175
3162
3119
3067
3049
3030
3019
2955
2844
2830
2828
2748
2677
2641
2617
2604
2560
2551
2546
2528
2459
2449
2426
2390
2368
2260
2255
2246
2200
2197
2184
2174
2146
2118
2053
2038
1950
1925
1924
1874
1862
1837
1810
1794
1788
1745
1703
1698
1530
1458
1456
1405
1315
1304
1303
1270
1267
1235
1134
1115
1079
1055
1007
933
910
910
875
871
830
812
775
764
759
741
655
648
588
542
537
489
454
365
256
236
50
33
