8191
8186
8183
8181
8180
8174
8163
8160
8157
8156
8152
8144
8143
8143
8141
8133
8120
8113
8099
8099
8093
8089
8082
8076
8074
8061
8061
8058
8058
8055
8053
8052
8046
8044
8038
8030
8028
8021
8016
8012
8012
8010
8009
8009
8005
7997
7994
7990
7989
7989
7988
7986
7982
7981
7972
7972
7966
7963
7961
7954
7953
7947
7938
7936
7935
7935
7934
7933
7931
7930
7928
7923
7918
7918
7918
7914
7911
7907
7901
7899
7896
7895
7893
7887
7885
7884
7875
7871
7866
7856
7852
7848
7842
7840
7839
7833
7832
7814
7811
7809
7801
7797
7792
7786
7786
7772
7764
7760
7757
7745
7745
7742
7739
7738
7737
7734
7716
7696
7692
7689
7687
7685
7684
7683
7678
7678
7676
7675
7661
7657
7655
7647
7642
7636
7622
7614
7612
7611
7607
7582
7582
7581
7581
7580
7572
7571
7568
7562
7560
7558
7557
7549
7548
7542
7534
7526
7523
7512
7512
7507
7495
7495
7494
7492
7491
7489
7487
7478
7474
7473
7455
7450
7449
7447
7444
7441
7435
7430
7425
7419
7417
7416
7412
7412
7407
7400
7399
7395
7384
7384
7380
7369
7367
7360
7359
7358
7352
7346
7345
7344
7341
7336
7332
7328
7319
7312
7305
7295
7293
7289
7281
7279
7275
7272
7269
7266
7250
7249
7248
7242
7234
7227
7218
7212
7212
7207
7199
7192
7186
7178
7170
7170
7160
7153
7150
7133
7131
7130
7129
7123
7121
7119
7115
7109
7099
7098
7096
7096
7096
7090
7089
7071
7064
7054
7052
7043
7040
7038
7036
7031
7031
7017
7015
7010
7009
7007
6999
6999
6998
6993
6993
6992
6990
6987
6972
6970
6969
6969
6967
6960
6957
6956
6949
6949
6947
6947
6943
6934
6933
6932
6931
6928
6927
6911
6909
6906
6904
6903
6896
6894
6892
6889
6880
6876
6873
6862
6861
6860
6859
6857
6856
6856
6847
6847
6842
6840
6837
6832
6832
6828
6826
6824
6823
6822
6819
6815
6814
6806
6802
6797
6797
6797
6793
6791
6789
6786
6785
6778
6777
6771
6769
6767
6760
6760
6760
6758
6756
6755
6745
6743
6741
6738
6738
6722
6719
6709
6706
6701
6701
6694
6690
6676
6671
6670
6670
6669
6668
6663
6653
6644
6641
6637
6631
6628
6628
6627
6622
6617
6610
6610
6609
6602
6602
6600
6599
6595
6591
6591
6587
6585
6576
6573
6571
6570
6560
6557
6553
6549
6547
6547
6546
6541
6535
6534
6533
6518
6515
6510
6508
6500
6488
6484
6481
6481
6480
6478
6466
6460
6456
6453
6450
6447
6445
6438
6438
6437
6430
6426
6411
6404
6395
6392
6387
6385
6362
6355
6354
6354
6351
6347
6346
6336
6336
6332
6329
6329
6325
6319
6318
6309
6303
6297
6296
6294
6288
6283
6281
6279
6279
6277
6276
6267
6257
6252
6248
6244
6232
6231
6230
6213
6210
6207
6205
6197
6193
6183
6182
6175
6168
6168
6167
6162
6134
6128
6125
6122
6113
6108
6103
6103
6093
6089
6088
6087
6079
6078
6077
6071
6068
6067
6057
6051
6051
6048
6048
6047
6038
6037
6034
6033
6033
6032
6029
6028
6023
6021
6019
6014
6005
6002
5999
5996
5994
5990
5990
5990
5989
5982
5981
5976
5964
5962
5961
5956
5953
5951
5951
5950
5948
5947
5933
5931
5924
5922
5919
5918
5917
5914
5913
5904
5894
5894
5892
5892
5892
5889
5889
5879
5878
5875
5861
5851
5851
5841
5831
5829
5823
5822
5813
5810
5802
5802
5801
5800
5790
5779
5778
5774
5773
5772
5763
5763
5762
5761
5746
5743
5743
5728
5723
5721
5712
5711
5704
5701
5697
5695
5690
5686
5671
5669
5666
5664
5660
5660
5659
5654
5653
5650
5639
5634
5629
5626
5617
5613
5610
5610
5609
5608
5606
5601
5600
5598
5596
5595
5593
5593
5591
5559
5558
5556
5555
5554
5553
5548
5542
5540
5537
5535
5531
5529
5528
5517
5511
5506
5495
5489
5487
5475
5475
5472
5468
5466
5462
5451
5445
5444
5438
5431
5431
5431
5429
5423
5418
5408
5408
5407
5403
5401
5393
5391
5389
5389
5388
5377
5376
5363
5363
5351
5345
5344
5342
5339
5337
5333
5326
5321
5309
5305
5304
5304
5302
5299
5294
5293
5292
5292
5285
5282
5267
5265
5254
5252
5239
5236
5227
5224
5222
5217
5210
5206
5205
5190
5190
5187
5176
5169
5169
5167
5161
5159
5157
5156
5142
5127
5127
5127
5125
5116
5113
5112
5106
5105
5099
5096
5092
5089
5078
5077
5071
5071
5064
5061
5056
5053
5046
5045
5038
5031
5028
5022
5020
5018
5014
5009
5008
5008
5007
5005
5003
5000
4995
4989
4987
4987
4986
4985
4984
4984
4984
4981
4969
4967
4963
4956
4953
4951
4946
4942
4938
4937
4932
4931
4929
4918
4910
4910
4899
4899
4891
4889
4880
4877
4871
4870
4861
4855
4854
4853
4853
4842
4842
4830
4827
4825
4824
4822
4817
4816
4814
4807
4806
4805
4803
4803
4800
4798
4796
4796
4796
4795
4792
4785
4777
4775
4772
4768
4764
4760
4755
4752
4750
4749
4747
4744
4738
4733
4731
4722
4718
4714
4710
4710
4707
4705
4698
4687
4678
4677
4674
4674
4672
4668
4663
4660
4654
4652
4651
4650
4644
4643
4639
4639
4630
4629
4628
4626
4625
4619
4617
4615
4612
4611
4610
4608
4608
4605
4603
4600
4588
4588
4587
4570
4567
4561
4560
4558
4557
4557
4556
4555
4551
4547
4545
4545
4544
4525
4519
4518
4517
4516
4513
4513
4510
4509
4504
4502
4496
4494
4485
4470
4464
4462
4461
4458
4456
4448
4421
4420
4417
4416
4410
4409
4395
4395
4391
4389
4389
4382
4378
4377
4362
4361
4350
4348
4346
4346
4343
4341
4341
4336
4331
4318
4318
4317
4310
4310
4307
4304
4302
4300
4299
4294
4287
4286
4286
4283
4280
4279
4277
4274
4273
4273
4272
4270
4265
4264
4260
4253
4250
4246
4243
4231
4230
4210
4209
4208
4207
4200
4198
4197
4195
4195
4183
4175
4167
4150
4146
4139
4139
4139
4139
4137
4133
4129
4129
4115
4114
4099
4095
4083
4076
4076
4075
4070
4067
4067
4062
4057
4049
4046
4045
4044
4039
4038
4036
4035
4033
4033
4029
4022
4016
4014
4003
4000
3999
3998
3997
3995
3991
3991
3984
3980
3975
3975
3974
3973
3966
3960
3960
3960
3959
3951
3950
3948
3946
3946
3941
3938
3937
3932
3929
3924
3923
3920
3920
3916
3914
3906
3891
3887
3883
3883
3882
3880
3879
3877
3873
3845
3842
3840
3839
3837
3831
3830
3826
3825
3824
3823
3822
3821
3812
3809
3808
3808
3806
3799
3797
3795
3790
3786
3785
3784
3782
3779
3775
3774
3771
3765
3762
3759
3758
3758
3757
3754
3754
3753
3751
3737
3736
3736
3732
3732
3728
3722
3720
3717
3716
3697
3695
3689
3689
3688
3684
3670
3666
3652
3636
3633
3625
3623
3623
3617
3602
3601
3596
3593
3583
3582
3574
3573
3569
3565
3561
3544
3541
3529
3529
3523
3522
3519
3515
3513
3511
3510
3499
3495
3493
3492
3491
3490
3486
3480
3479
3476
3468
3448
3446
3446
3443
3436
3432
3430
3427
3420
3419
3412
3406
3404
3395
3392
3383
3380
3378
3369
3359
3334
3332
3328
3321
3317
3316
3309
3308
3307
3300
3296
3295
3288
3274
3274
3273
3272
3271
3270
3269
3264
3264
3261
3256
3254
3253
3253
3249
3242
3242
3241
3240
3239
3231
3223
3220
3215
3197
3189
3189
3185
3183
3168
3164
3156
3155
3151
3146
3142
3135
3132
3128
3122
3118
3115
3109
3105
3104
3102
3101
3098
3097
3093
3081
3078
3073
3069
3069
3066
3062
3058
3052
3045
3040
3039
3032
3025
3022
3022
3013
3010
3008
3006
3004
3000
2995
2993
2987
2987
2976
2971
2971
2966
2954
2947
2945
2944
2944
2943
2942
2936
2932
2928
2923
2908
2905
2897
2896
2888
2879
2869
2868
2864
2864
2861
2860
2860
2856
2850
2850
2832
2830
2825
2825
2819
2815
2810
2809
2806
2802
2797
2795
2793
2790
2788
2786
2784
2782
2773
2773
2767
2757
2755
2753
2750
2747
2742
2739
2733
2731
2731
2730
2728
2718
2716
2715
2713
2706
2700
2695
2691
2677
2676
2669
2666
2665
2664
2662
2651
2650
2647
2645
2639
2633
2632
2628
2627
2625
2623
2620
2615
2602
2601
2597
2595
2594
2592
2590
2585
2575
2572
2566
2561
2556
2547
2546
2546
2538
2536
2535
2533
2524
2524
2517
2516
2515
2513
2506
2500
2498
2489
2482
2479
2476
2469
2468
2464
2463
2461
2449
2442
2442
2435
2432
2431
2426
2408
2405
2402
2400
2390
2387
2382
2371
2370
2368
2368
2366
2364
2364
2361
2355
2348
2342
2337
2337
2328
2325
2321
2317
2317
2312
2306
2305
2302
2302
2302
2300
2293
2288
2285
2283
2280
2273
2266
2264
2260
2253
2244
2242
2240
2235
2229
2229
2227
2223
2220
2214
2214
2212
2208
2201
2201
2201
2195
2194
2193
2192
2189
2186
2186
2173
2167
2163
2156
2155
2154
2152
2150
2137
2128
2120
2106
2104
2100
2097
2096
2091
2090
2087
2080
2069
2062
2061
2051
2049
2048
2043
2042
2041
2034
2032
2030
2027
2021
2019
2019
2016
2012
2012
2010
2009
2007
2003
2001
1999
1998
1996
1996
1985
1981
1980
1961
1958
1957
1956
1949
1944
1943
1942
1940
1931
1926
1920
1913
1907
1904
1899
1897
1897
1896
1894
1891
1886
1884
1873
1868
1864
1859
1859
1854
1851
1851
1850
1842
1841
1841
1840
1840
1832
1819
1817
1816
1813
1813
1798
1796
1795
1792
1789
1784
1778
1776
1772
1770
1769
1764
1764
1760
1759
1748
1745
1742
1733
1730
1729
1728
1725
1722
1719
1707
1695
1694
1683
1683
1678
1677
1673
1668
1667
1664
1663
1644
1644
1641
1634
1633
1632
1631
1628
1622
1622
1618
1606
1605
1589
1587
1585
1585
1583
1574
1570
1559
1559
1558
1553
1550
1549
1544
1533
1529
1529
1528
1527
1520
1514
1513
1512
1509
1506
1500
1498
1496
1490
1481
1480
1463
1456
1455
1454
1449
1447
1445
1440
1437
1431
1428
1423
1421
1406
1402
1401
1393
1389
1386
1382
1376
1372
1370
1370
1366
1365
1361
1358
1357
1355
1346
1344
1343
1341
1340
1338
1331
1328
1327
1327
1325
1302
1293
1284
1283
1279
1278
1264
1263
1259
1255
1253
1253
1237
1236
1233
1233
1232
1228
1228
1225
1223
1220
1217
1204
1193
1192
1186
1183
1181
1177
1168
1168
1165
1154
1151
1149
1146
1143
1142
1138
1132
1128
1126
1125
1122
1122
1118
1114
1109
1106
1100
1097
1094
1093
1091
1089
1089
1085
1085
1079
1073
1069
1069
1064
1046
1044
1042
1042
1039
1037
988
987
984
984
979
969
968
968
964
962
960
954
946
945
931
927
918
910
901
895
891
890
889
887
886
886
881
879
879
871
869
866
860
853
843
838
837
836
827
826
820
809
809
804
802
794
792
789
786
783
774
768
765
762
760
757
756
751
741
740
738
734
728
723
720
707
701
693
689
679
675
674
673
663
661
660
659
643
634
633
632
628
627
612
611
608
599
595
591
585
584
584
577
569
569
568
566
566
565
560
555
550
547
545
544
544
538
537
527
526
516
512
511
506
504
504
496
494
488
486
485
485
485
484
484
481
479
478
474
472
470
465
459
449
449
431
430
427
420
415
414
406
399
395
393
392
390
379
372
371
361
358
352
340
332
331
331
319
314
313
313
311
309
304
293
279
278
278
275
275
271
271
269
268
253
252
247
247
238
225
220
213
207
204
202
201
196
196
195
193
189
180
176
175
172
171
154
149
148
143
141
134
123
122
119
117
112
112
101
98
97
89
86
82
78
74
73
73
72
68
66
59
55
54
53
48
47
45
40
37
28
22
20
15
12
4
2
2
