3
9
10
13
15
21
26
28
30
31
31
36
36
37
38
38
41
42
45
70
72
77
89
92
93
94
99
102
117
122
132
135
141
142
146
150
156
158
158
161
170
172
181
186
204
210
212
215
220
220
220
222
223
225
228
233
236
246
247
248
249
250
253
254
254
257
262
268
273
277
277
280
281
282
283
286
298
302
305
306
309
311
314
316
319
324
330
335
336
345
363
363
373
381
382
389
391
397
398
402
403
408
409
411
412
420
421
427
434
435
435
436
438
443
445
449
450
451
463
468
471
471
482
494
510
511
517
517
519
523
531
533
537
541
545
547
548
557
562
570
570
574
575
579
580
597
601
605
606
606
606
607
607
614
626
626
628
629
632
635
639
639
640
641
642
642
649
660
667
670
674
677
682
691
692
694
696
712
715
715
733
738
739
748
749
751
754
757
764
765
773
774
776
788
789
793
795
795
807
810
811
825
829
831
836
837
842
850
851
854
856
858
860
863
864
869
869
880
881
886
887
902
909
915
932
941
955
958
962
966
968
973
986
988
990
990
1001
1009
1015
1021
1042
1043
1044
1050
1050
1051
1055
1056
1057
1064
1066
1071
1076
1076
1079
1080
1090
1106
1113
1124
1139
1145
1146
1148
1151
1152
1153
1155
1158
1160
1161
1161
1162
1168
1168
1168
1172
1173
1187
1191
1195
1196
1198
1203
1206
1210
1213
1216
1216
1220
1220
1224
1227
1228
1234
1244
1247
1248
1249
1257
1260
1262
1265
1265
1275
1279
1284
1293
1294
1302
1303
1309
1316
1341
1342
1343
1346
1349
1350
1357
1365
1369
1376
1377
1381
1383
1384
1384
1387
1388
1390
1391
1399
1418
1422
1428
1436
1437
1439
1440
1445
1446
1446
1452
1454
1457
1461
1464
1467
1467
1469
1470
1472
1480
1482
1484
1487
1488
1492
1492
1495
1498
1501
1506
1515
1528
1528
1531
1539
1543
1548
1557
1557
1561
1562
1573
1574
1575
1575
1576
1579
1582
1582
1585
1586
1588
1592
1599
1600
1603
1604
1606
1609
1612
1614
1614
1618
1620
1621
1622
1624
1629
1630
1632
1637
1643
1645
1653
1653
1654
1655
1660
1665
1668
1675
1682
1690
1692
1694
1695
1696
1708
1710
1711
1711
1718
1719
1735
1739
1744
1748
1749
1752
1753
1762
1763
1767
1771
1772
1772
1789
1789
1790
1792
1800
1803
1804
1804
1809
1818
1820
1823
1825
1831
1831
1832
1832
1843
1849
1854
1854
1855
1876
1876
1887
1888
1894
1897
1905
1909
1909
1914
1920
1927
1932
1933
1938
1941
1943
1948
1948
1949
1965
1985
1990
1993
1996
2007
2011
2017
2018
2027
2030
2031
2032
2034
2034
2034
2035
2047
2049
2050
2053
2054
2055
2062
2072
2092
2094
2097
2104
2110
2111
2112
2115
2120
2136
2145
2150
2151
2156
2156
2165
2168
2172
2178
2187
2194
2197
2197
2201
2203
2204
2206
2216
2224
2228
2230
2231
2248
2249
2256
2261
2268
2273
2274
2275
2276
2277
2280
2281
2283
2291
2303
2310
2313
2313
2325
2326
2328
2332
2333
2333
2334
2340
2341
2342
2342
2344
2346
2357
2363
2370
2373
2380
2385
2387
2399
2399
2401
2403
2407
2407
2412
2412
2412
2413
2414
2420
2430
2442
2442
2445
2445
2449
2451
2460
2464
2468
2471
2473
2473
2480
2486
2491
2491
2491
2492
2495
2504
2507
2509
2513
2516
2520
2523
2525
2526
2528
2531
2534
2541
2546
2546
2549
2559
2562
2563
2563
2564
2581
2582
2586
2599
2607
2607
2609
2611
2617
2624
2630
2631
2638
2641
2645
2646
2646
2650
2651
2661
2670
2681
2683
2687
2687
2693
2695
2695
2695
2702
2702
2702
2706
2707
2708
2708
2710
2714
2715
2717
2719
2719
2727
2734
2750
2756
2757
2762
2763
2765
2767
2768
2777
2778
2789
2796
2810
2822
2824
2829
2831
2832
2837
2839
2842
2843
2844
2852
2852
2858
2864
2864
2878
2880
2883
2883
2884
2888
2888
2891
2899
2899
2905
2905
2914
2915
2918
2924
2928
2936
2939
2943
2946
2947
2952
2952
2956
2962
2966
2979
2987
2991
3003
3006
3008
3010
3023
3023
3027
3037
3045
3049
3057
3064
3066
3066
3068
3069
3080
3088
3091
3091
3100
3102
3108
3109
3112
3114
3119
3120
3123
3123
3124
3124
3130
3130
3136
3136
3139
3139
3144
3152
3158
3168
3168
3170
3172
3176
3176
3178
3183
3191
3204
3205
3208
3214
3215
3223
3229
3239
3241
3244
3244
3245
3246
3253
3254
3263
3265
3266
3276
3281
3285
3287
3288
3289
3295
3297
3301
3318
3325
3331
3336
3341
3345
3351
3352
3352
3365
3375
3378
3379
3391
3401
3404
3413
3419
3438
3438
3444
3447
3449
3454
3459
3459
3464
3464
3481
3484
3490
3496
3505
3511
3517
3519
3521
3523
3526
3527
3532
3534
3537
3542
3542
3544
3544
3545
3548
3550
3550
3561
3569
3570
3573
3584
3584
3590
3590
3593
3593
3595
3602
3602
3603
3609
3612
3612
3616
3617
3633
3634
3635
3637
3637
3641
3643
3645
3646
3646
3647
3656
3658
3660
3662
3672
3680
3680
3686
3688
3698
3704
3712
3722
3723
3728
3730
3730
3731
3732
3732
3734
3735
3744
3749
3756
3774
3776
3777
3779
3783
3793
3795
3795
3800
3805
3807
3809
3812
3816
3827
3829
3831
3838
3843
3851
3853
3856
3859
3860
3862
3866
3877
3879
3881
3881
3884
3892
3899
3900
3901
3903
3920
3923
3937
3939
3942
3942
3943
3945
3950
3950
3951
3952
3956
3957
3970
3972
3981
3981
3981
3986
3995
4007
4007
4015
4016
4022
4025
4026
4027
4027
4028
4041
4045
4045
4046
4047
4063
4072
4075
4075
4075
4078
4079
4080
4081
4082
4084
4105
4112
4114
4118
4125
4131
4138
4138
4146
4148
4157
4157
4166
4177
4179
4183
4185
4188
4189
4192
4209
4214
4218
4219
4225
4226
4227
4231
4244
4246
4248
4248
4254
4259
4260
4264
4265
4272
4275
4290
4292
4297
4308
4325
4330
4334
4338
4351
4354
4356
4357
4359
4362
4366
4373
4387
4387
4387
4393
4402
4402
4407
4417
4418
4421
4423
4426
4429
4432
4433
4434
4436
4439
4440
4451
4454
4455
4458
4467
4470
4476
4501
4501
4520
4522
4523
4524
4525
4527
4530
4535
4537
4538
4538
4540
4541
4545
4550
4562
4566
4574
4575
4577
4578
4580
4580
4580
4581
4594
4596
4598
4600
4607
4611
4612
4619
4628
4628
4629
4630
4636
4638
4640
4640
4645
4648
4651
4656
4662
4664
4665
4665
4671
4675
4677
4689
4690
4690
4692
4693
4696
4698
4699
4703
4706
4707
4715
4716
4720
4722
4724
4726
4729
4729
4729
4733
4734
4736
4738
4771
4776
4785
4788
4790
4792
4794
4794
4812
4814
4818
4819
4820
4842
4842
4855
4855
4862
4866
4867
4869
4872
4875
4875
4880
4881
4882
4887
4888
4902
4904
4909
4909
4911
4928
4931
4936
4942
4944
4944
4959
4964
4965
4967
4975
4978
4978
4982
4983
4990
4994
4995
4999
5000
5002
5005
5006
5013
5016
5025
5028
5031
5032
5038
5041
5041
5050
5050
5060
5065
5070
5072
5074
5077
5077
5078
5090
5091
5094
5095
5099
5108
5110
5113
5114
5116
5118
5121
5123
5126
5126
5128
5133
5135
5146
5146
5151
5153
5155
5158
5161
5162
5164
5165
5173
5174
5175
5177
5192
5193
5195
5195
5196
5203
5211
5214
5220
5223
5226
5228
5229
5234
5235
5241
5242
5245
5247
5248
5249
5252
5252
5253
5256
5257
5257
5260
5267
5269
5271
5276
5279
5281
5288
5307
5312
5312
5314
5315
5317
5318
5321
5321
5327
5327
5336
5340
5340
5342
5348
5353
5356
5357
5357
5363
5363
5364
5372
5376
5377
5382
5389
5390
5396
5397
5399
5401
5405
5405
5407
5413
5415
5416
5420
5427
5432
5435
5442
5444
5446
5448
5449
5454
5462
5464
5466
5468
5474
5477
5481
5487
5492
5493
5494
5498
5498
5499
5501
5510
5524
5529
5532
5534
5537
5539
5545
5548
5554
5561
5569
5571
5574
5575
5579
5580
5580
5590
5596
5597
5598
5603
5615
5617
5619
5634
5637
5637
5640
5641
5642
5649
5651
5657
5659
5663
5665
5666
5667
5672
5673
5675
5693
5699
5701
5706
5706
5708
5711
5711
5712
5715
5716
5722
5722
5724
5729
5730
5738
5741
5745
5751
5752
5754
5759
5763
5766
5768
5769
5770
5773
5775
5777
5780
5788
5789
5793
5797
5798
5799
5803
5805
5806
5813
5816
5818
5819
5827
5828
5829
5852
5855
5860
5862
5865
5868
5869
5878
5884
5887
5897
5901
5901
5903
5909
5915
5918
5921
5921
5930
5932
5936
5945
5946
5947
5948
5950
5951
5953
5957
5961
5964
5965
5967
5971
5972
5973
5973
5985
5986
5990
5995
5996
6000
6001
6003
6009
6012
6015
6020
6021
6023
6031
6039
6040
6042
6047
6057
6059
6061
6061
6078
6078
6079
6085
6086
6088
6092
6094
6095
6103
6108
6115
6120
6121
6125
6129
6137
6137
6138
6144
6146
6146
6148
6151
6153
6156
6156
6162
6167
6172
6182
6193
6201
6201
6208
6209
6221
6221
6222
6225
6232
6233
6233
6240
6241
6243
6252
6257
6261
6262
6264
6266
6268
6272
6277
6292
6293
6293
6295
6300
6300
6310
6318
6322
6323
6325
6330
6334
6334
6338
6341
6351
6359
6363
6363
6364
6366
6368
6379
6384
6395
6404
6415
6417
6418
6419
6438
6438
6441
6456
6460
6464
6477
6479
6483
6488
6501
6507
6509
6512
6519
6522
6533
6533
6537
6539
6539
6540
6542
6544
6545
6553
6555
6556
6558
6561
6578
6580
6585
6594
6599
6600
6605
6613
6614
6620
6633
6636
6641
6641
6657
6660
6662
6663
6676
6678
6684
6699
6700
6706
6708
6713
6714
6719
6722
6722
6723
6732
6732
6734
6735
6741
6744
6744
6749
6755
6758
6765
6765
6770
6773
6779
6787
6789
6794
6823
6827
6828
6828
6838
6838
6839
6849
6850
6850
6851
6865
6868
6873
6875
6878
6886
6888
6890
6896
6905
6909
6913
6914
6921
6928
6929
6935
6941
6950
6951
6955
6960
6960
6964
6966
6968
6976
6980
6987
6995
6999
6999
7001
7001
7008
7009
7020
7021
7022
7029
7033
7034
7035
7036
7042
7047
7049
7057
7061
7076
7079
7079
7087
7102
7106
7107
7123
7139
7139
7140
7141
7142
7148
7150
7154
7159
7160
7164
7165
7165
7186
7187
7190
7193
7194
7195
7195
7202
7203
7208
7216
7222
7223
7224
7226
7228
7229
7233
7234
7235
7235
7240
7240
7242
7243
7253
7260
7261
7262
7264
7270
7273
7274
7280
7285
7288
7293
7293
7294
7300
7311
7317
7321
7339
7339
7345
7358
7364
7367
7373
7374
7379
7381
7393
7396
7396
7397
7397
7402
7416
7425
7437
7439
7447
7448
7452
7456
7466
7469
7471
7472
7472
7474
7481
7482
7487
7488
7489
7496
7501
7503
7507
7512
7523
7528
7532
7534
7541
7544
7553
7554
7554
7565
7569
7570
7570
7582
7591
7593
7594
7600
7601
7602
7602
7612
7614
7617
7623
7625
7629
7630
7634
7638
7640
7643
7645
7649
7662
7666
7676
7677
7686
7688
7693
7693
7693
7694
7702
7703
7706
7710
7712
7712
7713
7719
7720
7720
7721
7726
7728
7737
7741
7743
7749
7752
7755
7761
7764
7767
7771
7778
7778
7780
7780
7781
7794
7806
7806
7818
7828
7834
7837
7837
7841
7844
7847
7851
7851
7854
7857
7860
7863
7875
7884
7884
7889
7890
7895
7899
7904
7914
7916
7925
7932
7932
7932
7945
7945
7946
7950
7951
7957
7961
7966
7973
7986
8005
8015
8016
8017
8023
8024
8026
8029
8030
8031
8033
8035
8036
8038
8040
8043
8049
8054
8059
8068
8079
8083
8100
8101
8109
8111
8115
8117
8119
8119
8129
8132
8134
8140
8141
8143
8155
8155
8157
8166
8169
8186
