25
92
116
120
158
285
516
592
606
633
659
665
695
748
756
766
803
807
817
836
843
854
860
899
926
940
1003
1056
1104
1140
1144
1194
1240
1259
1282
1307
1414
1512
1617
1713
1715
1745
1769
1816
1821
1904
1911
1934
2040
2050
2094
2114
2137
2151
2208
2306
2313
2372
2394
2460
2617
2699
2747
2749
2806
2873
2978
3000
3006
3042
3068
3082
3109
3159
3252
3298
3342
3358
3378
3380
3392
3428
3436
3444
3725
3729
3754
3764
3771
3813
3875
3889
3956
3971
4016
4021
4060
4095
4109
4113
4211
4230
4269
4278
4283
4370
4393
4401
4416
4493
4535
4605
4668
4741
4753
4789
4792
4800
4829
4884
4894
4896
4949
4970
5107
5121
5244
5252
5283
5289
5387
5424
5430
5563
5580
5680
5727
5745
5839
5888
5934
5941
5980
5989
6003
6030
6071
6072
6124
6137
6249
6249
6252
6298
6330
6451
6480
6532
6591
6612
6739
6744
6755
6773
6781
6819
6840
6869
6981
6992
7088
7143
7180
7217
7238
7257
7321
7345
7397
7406
7464
7566
7587
7598
7599
7604
7660
7726
7793
7830
7843
7892
7976
7988
8011
8024
8047
8054
8169
8171
