3250
5540
5303
1666
2081
4257
2293
7633
6986
2974
1481
2630
7666
3828
6578
7921
658
467
7851
954
5534
6263
2279
4864
1763
2488
5550
5964
5446
2464
6218
7801
4342
2038
3539
5381
7930
2610
2463
2214
7299
394
371
7074
4824
7893
5393
84
4777
2748
647
6457
2088
3412
7722
4867
4004
3305
3215
8114
6467
1550
4012
7740
8175
1037
2304
3688
4798
2280
5945
2534
8174
6996
7178
1287
3820
3830
3460
6643
7372
1854
5034
3589
3154
7778
366
1031
6566
2820
2991
2902
7323
103
7348
240
8066
6762
6511
5608
7945
1063
1266
1567
2187
7702
7773
7686
7612
7787
4407
3258
7292
2700
8069
4033
2114
4877
5833
1244
6661
6094
6332
2880
3155
5078
2907
438
4338
7509
5916
2533
8015
1335
711
5935
6467
1692
4787
7114
3257
4344
2972
6165
6425
4554
6423
3052
5266
2222
5214
427
3937
3792
2101
4978
2996
2122
4099
4641
2146
3387
4526
274
2257
5692
832
6987
5150
3219
546
5538
1361
4441
6246
715
8150
232
2175
5377
6027
7544
6898
850
3933
4569
6726
240
1140
948
2853
4239
4308
5525
2071
5679
6488
6141
4180
782
