7883
5534
4558
4035
7019
6784
5649
8094
3672
6746
5489
965
2653
1305
84
3245
2185
2630
1610
6471
5427
3666
2243
2872
6246
2305
6814
616
2190
3272
6628
1430
1932
8146
4731
2226
87
5558
3865
5182
7948
2557
6918
7552
5991
1596
3054
1501
4936
4143
5868
2442
5864
5805
2182
2678
6266
7475
7373
4991
1756
3414
117
7470
3819
755
4722
5137
4157
2004
2136
6106
533
622
1239
7289
6650
5359
5684
6795
5102
685
809
5588
2386
5431
5804
350
362
7115
903
4628
151
6618
3851
4834
1928
3325
2080
1926
6427
4218
3173
463
7400
1336
7366
7884
5876
1880
1803
3062
2267
6504
2628
4823
1629
6248
5875
4341
4152
7125
8015
2794
7969
7625
3137
5678
7865
4864
96
4472
2650
5925
547
6879
5908
5608
1299
6934
7142
6156
5140
5979
229
5562
99
5827
26
1412
7496
4487
6534
2946
4061
7453
8170
6437
5726
5688
4292
1468
1546
5518
3263
3289
6610
3681
4441
6349
536
6752
2499
7160
2101
7207
191
7589
1320
257
5254
2453
1760
5663
5623
922
8171
6314
2562
2308
6506
4145
1079
72
5940
674
6941
4396
6773
5081
4456
1730
1478
1007
1954
7906
3464
3351
4781
746
2075
3012
6954
2930
585
3151
252
7123
317
2369
6063
7818
288
438
1412
6403
7205
6080
7175
7005
2899
982
7751
6135
2851
1207
7197
6844
88
3528
3408
4091
2943
3428
4839
4212
7537
1952
2531
6413
40
3635
7437
1696
5415
3464
5846
4991
6185
7194
1627
3488
2861
2065
2767
8147
3719
1265
6528
4054
4558
1996
4910
7500
224
6543
6438
256
289
3824
4202
6189
1425
6897
1473
8013
2951
661
885
3119
6427
2027
578
3947
3852
4717
5639
1098
4934
6812
3844
7613
6467
2764
2665
7814
4539
2761
6058
6343
3567
7347
820
3538
3684
463
2742
7451
5819
4563
6228
4372
8068
2070
448
7702
7901
6360
3684
5498
2648
1707
3954
4009
1367
236
4243
2227
5163
7310
7827
4991
7997
7522
402
7260
6952
7087
482
5043
3471
3227
7197
7979
7337
7027
137
6697
120
6040
5786
1815
6627
5992
3487
1657
1656
2061
5236
7219
2927
1885
5010
1364
1241
4991
4804
7701
2445
5065
6262
5387
3638
6338
5540
5867
7697
7565
3846
309
5939
6330
2026
3190
5211
2865
6766
7977
317
4476
2537
7796
167
4131
8167
1544
3129
5754
2795
5980
5875
487
1285
4323
5325
7704
4554
4509
7017
631
607
6102
7141
2357
5747
1055
7479
6880
2663
2261
6041
1696
4697
812
5111
8007
5861
4261
5916
4928
7746
4498
6859
4974
7517
2289
6375
702
6039
7395
565
3297
565
2691
2735
7389
5395
6437
154
3454
242
1535
1129
3742
7729
859
1553
7580
5778
3766
5299
5934
116
7125
5602
1119
1922
6539
6042
3562
6653
8034
7628
4393
7253
5440
1657
4283
5917
3413
6334
5879
1557
6876
6859
5633
2526
4972
5926
4952
5597
7800
2745
4978
729
3415
6074
6904
5097
7162
7876
7281
3119
2549
2171
6439
136
3927
6435
7299
2252
1949
8144
6262
6991
783
4714
1940
6573
2824
5219
6452
4772
2321
4492
7846
7597
3694
1653
4330
6761
4890
817
4802
6762
856
209
3605
425
7855
6703
2996
3347
7105
493
496
896
2880
1805
3260
3064
851
6170
3378
6352
7248
6443
256
4225
3721
1014
1092
5694
453
6311
3936
238
3543
3073
3486
2875
7863
1274
1554
4515
627
2685
76
4868
3002
3798
4563
397
569
6249
2988
4516
7920
2242
4343
2949
1431
3331
2200
6361
4668
7331
6690
6836
2465
4756
3951
3790
1635
170
7941
5168
2390
4969
37
6558
2621
6109
4975
4238
4314
868
5180
3145
7568
3357
99
4759
4371
206
1669
5375
6813
269
1848
898
184
1033
6814
7907
6730
3767
7744
729
452
3057
3916
1977
3002
898
2942
5653
7927
3246
2363
2668
690
7783
1374
5511
3248
6153
5882
5597
5749
7390
478
1392
5013
948
2421
5144
5071
5189
4506
2905
2549
397
8152
472
5252
4929
7614
7186
6631
3460
1969
3133
2538
2895
5851
480
738
1380
4103
4610
6130
7411
5879
3751
880
4892
3031
4553
7852
2823
3452
851
5579
3959
1761
5324
718
5211
7090
1752
71
5683
8094
4423
286
3139
3928
4043
2582
4047
1390
5605
7168
976
3465
1127
4728
3831
2595
3473
1854
6684
6413
1482
4850
3930
7416
3095
7237
7443
5375
7926
4970
1550
1219
6249
3235
4473
6948
2017
228
5188
2215
33
383
6342
2238
735
3302
6514
4129
2246
3129
7556
4292
549
7169
829
5152
3389
6806
5113
7539
4282
8147
7051
1936
712
4395
2343
6627
7285
2173
5855
4470
8176
3926
4491
100
977
5379
277
7317
7711
5220
5557
2816
5185
5276
4966
2543
6343
901
396
1127
97
2023
5591
86
3146
3342
2342
3132
3565
1844
3181
5019
3345
2156
8189
3241
4549
6217
4532
6422
7269
7259
513
4033
2239
4963
2817
2138
6151
6336
2156
70
2982
6992
3205
7630
3184
606
2510
6237
4522
2251
1716
1408
514
850
7481
3952
3032
3267
8115
2056
7774
5883
7534
7273
8063
4369
3028
4820
7801
2665
1458
5861
2689
5230
37
3998
3555
4135
745
3041
2363
7777
4428
6195
892
5886
5464
7514
3499
6281
7656
5448
37
8111
3987
7298
247
4601
2232
2613
571
2291
3368
1207
5104
6622
7297
873
673
4110
6765
1640
5397
6397
3447
450
7009
597
3729
6810
3507
2928
1676
8097
6222
7465
2044
7547
6661
3973
7449
3115
3999
7103
3189
68
1504
4532
7738
6741
6286
365
2144
6416
6604
5333
1145
6702
6404
289
7271
1124
3041
3538
4434
5797
3635
1166
2293
8092
1421
6644
3681
7376
4721
1093
1503
6058
6127
2120
3149
7628
7464
1361
1382
6361
6309
4817
4543
2922
4493
3071
3507
499
1704
3581
1514
6910
7653
2757
7813
193
4970
260
3877
5476
1905
5440
6033
372
3214
5697
2192
2105
3492
2906
5917
5536
2755
3985
2298
2380
5170
2599
6440
5877
3744
7800
1625
2374
882
336
64
1967
2567
1669
4777
4048
4875
4670
3569
4166
2174
5631
3765
1718
4713
3954
7626
65
4998
6770
6338
1811
7140
3391
5033
4662
4886
5236
6103
4304
4696
7338
238
3326
6921
7150
2671
2969
8023
5848
4983
1486
7991
6268
2572
3121
5053
3536
4308
5154
4670
2864
5855
3646
4820
447
1160
2302
5518
5095
2504
4302
5431
5134
859
2802
4177
2515
1760
5674
6712
1732
4287
611
7486
2342
4976
8145
8122
7044
2337
7060
1143
1375
3930
1547
3087
2949
2024
5348
5932
4189
3358
110
3675
6345
192
7880
673
3685
2093
6819
613
6897
2564
8093
3422
4391
7187
7133
7234
7718
590
55
2569
3999
905
1310
7021
6748
5652
1800
7650
8075
7950
5467
6230
4457
1018
7581
2828
2552
7954
307
165
2484
2141
811
224
3177
871
4704
2278
7236
1641
7901
1650
3726
7948
3055
6492
1048
548
3594
5707
555
2213
6365
7121
7030
875
6965
3169
7085
7436
511
4082
5441
6301
1051
5119
5839
5435
9
571
2920
2798
3405
6235
4520
1306
4773
6130
5509
2071
7441
540
2514
7055
6848
1180
3543
5072
1829
2001
5428
1096
778
2228
1604
2554
6906
410
37
1389
7258
8156
6272
8068
2315
6897
4651
7398
236
4973
7946
3519
5615
5520
2716
5763
7290
2750
6503
2852
8011
5841
7139
2674
3633
2873
1757
5426
4788
2568
6452
274
2101
6826
6295
4546
4723
1492
793
705
4084
4148
2418
1370
3567
4220
8060
5279
6942
7884
7618
5152
4980
4227
3689
7694
4383
2517
5652
3040
6195
4309
3698
466
4589
8035
5435
7848
3999
626
8060
2990
5478
2485
3622
1504
3524
6778
7571
1133
6359
1034
7808
5808
3882
6231
4347
2989
5976
2017
3413
6903
313
6649
8169
2876
2908
6191
6536
1362
1018
881
6443
4273
3549
3168
1002
3143
4845
7468
7408
3516
1704
2087
3402
286
5588
7937
2303
3316
2937
1360
4825
116
1013
550
7981
566
5430
288
7928
4864
3790
5962
1606
3396
1845
5286
2534
7252
7877
3750
4230
2363
7449
4464
4575
4291
7431
2268
974
3047
4894
1079
3602
5685
3476
545
1645
6
1636
8026
1821
7071
4246
2360
3136
2367
5286
2857
5861
3748
1214
1225
5068
7719
5932
1917
666
6242
1779
7235
4362
5795
5079
6178
4178
341
6073
2649
2484
4012
4720
447
1807
289
4556
4045
822
4170
6855
5036
4229
1671
1800
479
2935
4546
605
349
8094
2035
2949
1761
3028
5552
3469
7858
6756
2510
3779
57
6101
585
401
5975
6787
5376
407
5880
7092
166
137
5518
5049
7053
5877
634
1926
846
8022
1090
3814
1642
7877
7805
5927
3761
7883
2068
153
881
7362
3096
6329
1883
2399
2914
1619
1730
7714
631
811
634
433
8087
8023
3381
6601
5675
4579
3410
440
3837
2852
5925
912
5609
2473
2730
7100
2456
7294
5817
3365
6255
6219
449
1938
6771
6460
3768
7870
5758
1698
8123
1588
1096
5578
3160
8165
4656
5320
6555
6589
7380
2889
5361
4030
4554
3698
6678
7645
2928
381
816
7323
4461
1609
7350
32
710
178
6878
3073
4127
6753
2829
5911
6417
7680
6316
137
2218
3530
6924
332
2348
541
1966
3346
215
6569
6414
8106
1903
1841
7925
3490
6092
1466
4178
7747
397
3298
3183
3517
1575
199
3869
3268
7187
7400
102
8022
4040
2506
1766
5171
5093
7556
4794
3714
8180
5880
518
4587
4617
3715
3678
943
4077
3255
4214
2768
927
841
874
1083
363
3701
6503
7816
2953
5828
2868
4547
2296
3151
7445
2012
5751
205
2036
6603
998
7323
1297
2828
4532
1460
405
5558
102
2526
7643
992
1647
6939
5260
593
3444
6357
3838
7157
2691
2629
6275
1883
894
2480
7534
5268
2427
4762
6826
5336
4774
1945
3857
6197
4254
1502
3840
3123
4192
7535
6103
5399
6680
4660
2714
832
3888
7993
2537
7334
5190
5983
3205
5531
8052
5866
6680
3081
1914
2071
4489
46
4838
4251
4907
4855
4803
3801
5422
3719
3763
3395
3617
7525
2626
2226
2782
3379
5399
577
1374
7765
2950
7082
7788
7418
1292
5457
5761
1895
1934
7923
6911
109
3503
5960
5977
7369
3445
758
4311
4232
3121
1201
5311
3895
393
4852
2250
4669
217
2224
1399
4173
5077
1558
6953
4806
5132
1179
2780
144
7383
5432
303
2720
7343
4729
2327
2567
5263
1987
6742
2315
8162
6218
3875
7106
3828
6252
3043
5891
1661
508
7090
7224
2024
818
6055
8097
1942
5911
4296
4544
4131
3485
4068
8107
4546
6617
6931
5114
2085
7602
4159
2146
7167
2831
861
7863
448
3677
6941
6187
3242
7736
1188
788
2577
985
112
922
7811
554
4368
2291
7236
3778
1129
1822
2833
7240
3891
4006
4629
2847
554
2445
5914
6753
7328
6676
3115
850
4425
4756
3495
8023
3470
4687
3026
7253
4488
1761
2526
4854
3498
3783
3335
4709
6982
6142
3638
7641
6196
1938
6927
7790
2705
6441
1795
7833
2397
1401
4281
7867
2645
5231
3334
6791
768
7264
4610
1838
3000
6024
4619
1350
4562
5514
3691
6149
2123
1798
1846
2080
2945
260
8079
4660
114
5988
2296
6530
7551
7904
1658
3980
365
639
4440
1529
6251
6102
60
5545
1558
2726
7601
4101
593
1350
4304
1369
7009
1551
5091
3211
3228
5937
1869
1637
7530
2267
6173
2155
2909
5920
5975
997
4631
8037
2519
4752
7368
7079
1212
1939
4707
1753
4363
5053
1693
2788
7512
4403
1346
6446
4866
691
3343
3822
5562
4298
2463
6407
3879
1543
520
5305
5341
6143
6336
5182
1050
6039
4583
5702
4348
8167
5909
548
2231
74
3816
6734
71
4955
3903
2957
6979
5972
7770
3029
2265
6775
4635
3298
4530
2293
3036
7255
7116
1369
2782
7126
5239
6604
3216
7122
2879
3225
7291
6652
5589
3329
1206
564
4380
3597
7324
2332
3378
4512
7763
4015
412
4854
973
4874
1783
4670
2822
6523
5677
7347
6334
515
2224
7361
993
5619
5299
4291
7891
7479
73
4405
5652
7922
1123
6652
7897
3066
5857
7200
104
3165
117
3168
433
1653
752
6514
824
1415
6496
6927
316
3643
4638
5133
5666
2138
7092
1402
7360
6490
7128
4548
6230
4250
7592
558
596
3428
1903
446
4561
1366
7281
3818
1027
2873
2990
82
5313
4448
3410
1679
5141
7377
5793
7862
520
1899
2974
3493
3267
2313
280
3816
4105
3205
3151
7913
4414
491
1831
3522
869
2142
6652
1496
3332
3414
1613
5879
368
4044
756
7610
6817
4847
7372
4905
4892
7847
6665
3871
441
6255
4050
1042
5240
1711
4665
2356
7009
4824
6088
4756
2684
5217
5365
6157
3877
4325
4074
2730
3154
470
5222
3646
7888
1503
3630
1272
3550
1300
6874
5319
5287
5115
129
207
2753
2876
1286
1900
1893
3710
1547
2516
2885
6439
7379
3201
6503
3413
5910
7590
3965
7633
7417
5780
6012
1237
903
5580
4585
36
5462
1254
5725
3670
4915
7328
7235
5734
226
4578
3159
6048
6497
4651
4816
5280
4856
3741
5770
5448
5863
7188
5211
6574
3627
138
222
3946
5366
6209
793
7691
6404
3010
4150
2099
7893
2936
1167
2690
5177
5608
2829
2796
7125
7943
4114
4773
6389
1682
917
7736
2374
3871
7908
8108
3590
2688
4164
7750
1615
5463
5824
5690
198
2791
3739
6936
3040
4064
1930
6105
1379
7775
8046
2885
359
3221
5597
5167
3520
581
6673
6374
3871
5743
1040
6082
1598
6773
6446
6451
103
2124
337
2200
4983
1665
1440
5471
1745
3163
3565
7890
3737
7625
4098
3966
851
2048
742
6579
4253
6479
2413
6140
2443
6871
3366
643
1491
5310
5977
1681
175
4059
3580
6850
7579
7673
1865
2030
169
5555
3377
4743
687
536
1355
7197
1242
2503
4064
2846
2514
2099
6417
5054
6954
2218
293
1925
6211
47
2420
6796
1709
7737
4567
2149
934
2427
3546
524
2263
1623
7495
2019
4814
4221
7290
6575
4223
2249
1749
4580
7936
2448
6187
5985
3713
757
3967
450
4758
2768
5233
2578
3635
7445
8046
7401
5098
8074
928
5635
4430
4495
590
2058
6475
815
2895
8110
955
5974
2615
1206
7775
2900
1519
6148
1455
1822
443
5109
259
4735
4612
208
3527
6788
5173
419
3604
6856
3576
8036
7869
5400
6111
7734
1372
7670
5199
7910
3725
1503
5538
5076
4462
5071
6223
7867
180
4571
4398
15
1314
1295
5828
1596
8055
7263
8185
2739
7099
3624
5935
1224
1094
7625
3548
4249
819
6044
4708
8042
2401
8080
5715
2872
7328
2895
6230
5737
4055
2161
2979
1514
7597
684
6541
4695
7828
5809
2835
7826
5833
876
5790
5679
4689
3136
5079
7096
1153
1732
6532
5250
4134
4377
985
4256
5774
2188
1947
5468
1026
7221
3442
5418
6249
414
2357
3828
2
3576
1197
3555
2578
5122
3154
542
5449
5472
7349
3081
1698
5014
5247
1598
3748
121
5030
4177
1002
3328
4844
6076
1272
1960
7611
4827
1461
172
2470
1537
5978
4977
7428
5341
3304
6956
3597
6147
1386
2389
6788
244
2961
2135
2423
6940
4799
878
4160
6811
5474
1560
5403
5693
814
5882
801
7605
5858
6257
4530
3634
1074
223
7484
4018
6766
6766
7884
3247
5202
1833
149
2327
5088
4809
2199
3345
6756
540
7063
3799
5070
1592
4960
4651
717
1012
1820
6884
6950
5759
6873
1668
7240
5145
2243
7247
3415
2224
1019
5274
1536
6721
2533
3
7792
3450
2077
6787
1589
7726
4689
7095
4588
4730
3617
6171
5837
6044
3963
3884
6786
2035
6672
6972
1916
1744
6160
6823
1312
5485
884
2453
291
5869
7519
2744
5889
622
2811
384
6820
4251
4997
2599
5317
6811
1156
817
6108
66
1278
1804
2552
7136
1294
2544
1722
5695
3200
5987
2955
7084
1189
7090
1676
262
677
5358
2198
1096
5273
4474
4897
178
486
949
7200
7590
5927
7265
728
294
6917
7426
6972
264
200
2848
5235
3842
6659
7108
5874
4810
5614
1336
5147
2105
3201
7258
4561
6713
6760
7984
3229
2264
875
2220
8051
2909
149
3122
1081
4442
7024
3515
7759
6168
6010
6799
7272
3947
7618
4994
3732
8101
4920
689
2209
5904
4227
5969
5647
1204
6704
5944
927
2787
4393
4573
2921
813
330
1861
876
1854
3523
6578
6196
447
1571
8081
5404
5462
6118
5751
7087
5395
7810
2566
1055
6325
2866
6829
1741
6655
4492
2674
4838
5911
51
2378
1078
883
3967
301
3681
1290
5250
5074
781
7382
1472
1990
4089
888
428
3504
5562
6785
729
5976
5651
3170
2942
2325
2072
2761
3623
8123
877
3473
1697
8140
7254
3805
4641
3899
1720
7835
1733
5106
2592
2263
3919
2744
6622
1930
5670
6531
1148
8065
1748
4760
5864
4033
2331
6573
1961
7029
3077
5815
1836
5540
6557
746
7260
1682
1859
2212
7616
2199
3287
429
6800
7485
6200
4179
7765
6509
8187
1683
6945
1113
7579
1252
6470
7597
4248
402
997
5607
3084
2085
22
5367
2033
1879
5247
1944
359
2283
1546
638
3560
3219
1017
2556
170
3546
919
3095
4095
6101
4701
1954
878
6225
1144
2161
7389
4866
7358
1962
2287
1639
6863
2113
5934
7750
33
3779
5895
7785
2406
3241
1805
6206
7206
7374
4386
2913
6159
2468
3280
7359
4877
1485
2509
1872
2804
7202
7622
5511
131
3310
6618
6709
5515
5732
7131
5670
2136
4546
4820
3395
6948
1146
2147
1143
944
465
4184
1668
92
3540
2075
6825
2502
1835
2698
4943
5476
3455
29
8120
630
4907
159
3795
3300
7434
3582
1697
2936
3829
2209
3845
407
4409
6582
2426
7692
3100
6399
8159
4162
5101
7833
3802
2328
4522
1386
2172
5059
2135
1937
1426
409
5940
2446
905
941
3096
4788
3183
4073
2680
5883
4018
5474
4465
3578
4073
5315
7102
1862
1113
6235
3002
93
4731
4470
6407
2587
5424
4871
3820
7442
4645
882
1104
6243
6888
3412
4585
6732
8037
7291
1291
2857
2105
3980
4628
4952
681
1348
4602
2911
5449
1416
6613
299
7113
5561
3163
1982
2341
591
6679
1170
6222
1764
8109
5404
7383
5385
1805
3086
1492
18
2267
2017
882
5815
7741
2168
4941
4181
207
5066
309
183
2646
2414
7806
7594
4602
6416
389
1427
7695
5807
3664
5378
4330
5020
4665
2749
7932
6159
7291
3096
1919
1736
6729
950
5912
2129
1853
5276
2342
5926
6380
4960
1177
6574
3742
4028
4931
60
1527
1635
3227
2192
2811
579
5660
6376
3431
5813
2729
5890
4263
2899
4794
5346
968
3824
5645
7695
3169
4523
4793
511
5959
5846
280
1564
1630
4275
6475
6327
465
2769
2157
1199
667
7907
675
5303
601
319
604
6324
7664
7913
1982
363
385
6706
3459
776
4579
4876
2365
551
2262
1587
3032
1954
4078
6212
6714
4814
7108
5110
4564
2518
2822
2777
2885
859
5352
5636
6863
1785
5863
2721
1132
259
3769
4600
28
7474
6204
5981
6572
5588
670
7733
7268
395
6532
552
3751
2653
3489
5472
1343
2461
8147
3309
2752
1376
6676
6221
2964
6851
1262
7117
640
2140
1029
4370
2762
4054
2188
4459
5771
4245
5883
4109
8064
8191
939
135
7691
7222
466
7492
4906
5180
3190
5474
5530
6876
1204
1379
6039
7068
1894
4165
7375
4911
2476
3727
7663
1101
3394
7659
2010
7234
1033
2943
4897
4521
1118
1085
365
4973
5169
5653
1846
6601
2732
6083
3677
4734
3062
6368
31
7708
7698
2698
8183
6679
2799
5865
5513
5193
5404
3485
6235
6044
268
1282
5736
1767
4617
1636
5433
5717
3449
3309
1107
7596
3491
956
3743
4221
2287
343
4643
2127
3196
3914
6759
5664
3408
6698
7166
3534
1236
1102
1363
4133
3216
5316
5328
2988
2547
5547
3215
151
6565
3294
6297
3649
2479
2399
5717
991
3563
3282
3265
1176
7674
1784
1113
5360
1031
7791
4203
6282
6350
4141
194
7646
3053
3108
4730
226
2398
3086
2939
858
5410
7327
972
4961
4867
1167
6187
4005
6905
7593
3169
741
7601
6074
1166
6254
758
3031
7658
5941
7501
5203
978
3244
3814
6446
1556
2385
7237
100
3149
3198
2341
8179
7170
4049
6688
4243
5820
7682
7642
4231
992
7930
6923
6454
2014
922
193
1606
4858
4769
2472
5750
6671
3234
7179
6739
6809
8027
6186
3577
4421
7286
1961
6494
779
6011
7337
603
496
8130
7153
7088
7475
4679
2813
7098
5369
2914
3324
7886
1762
3271
2614
4822
2452
2422
216
5569
3319
8015
7170
2921
5377
7621
6994
4391
5954
1371
6017
7390
4048
5861
1132
627
2848
7204
4566
6506
4164
2241
3319
5146
7611
2597
4364
3946
888
3779
2452
5268
4489
4907
1857
6591
4763
5865
4145
1140
3897
4403
8175
826
1168
5109
6648
2219
673
1394
1126
4059
2744
3330
1811
353
3660
2743
8109
2950
7786
6813
2266
7602
2004
3748
561
6514
4795
3451
1222
5494
1588
7368
329
3873
3720
7243
7455
4581
7233
5054
3506
4010
2512
937
3586
7895
2035
7024
1733
3343
6893
50
3836
6131
6580
715
3544
3225
5705
3337
5781
358
3788
2348
2915
4670
6041
6831
2637
2250
3271
5516
6252
931
1057
1901
2337
6446
4408
8136
7879
2516
1380
1033
682
1270
7050
6623
6561
6096
422
3355
2407
2331
5985
6532
4370
8071
6962
767
56
5380
1131
4693
1317
1636
5467
5566
3256
6696
4665
7874
5367
5620
7989
5752
7313
7812
4776
947
2426
4087
7343
4801
5342
5445
1519
7794
2933
5643
7050
4453
1923
1543
1606
546
2631
6224
5328
1137
1281
187
6286
6195
4920
1463
6240
2210
1420
930
5812
4624
6336
7690
3231
6811
411
4675
3123
5794
1373
1855
1110
612
7553
3846
3685
7490
1244
3597
1544
3552
2949
1424
3230
3811
5078
6432
7198
4205
5902
2709
2599
2194
3709
4868
7954
4217
784
7000
4619
2069
6183
1737
6226
4577
3740
3823
1992
3438
560
5724
4543
1956
1610
2239
4832
516
2779
333
6664
7177
3121
3441
3235
5017
1535
954
2576
7179
8050
5115
7629
5763
5622
1199
7974
3215
6320
1537
2134
2046
2823
4588
1607
4798
1151
3732
2342
3286
3951
4479
3610
8176
3348
6044
6134
6337
6555
7044
1150
3943
3990
8163
6853
5380
5160
5332
2791
1179
3454
1884
6124
4176
2697
7735
6047
7942
7289
2937
980
5384
7501
6646
4754
5871
876
5597
2000
1956
8151
8049
2745
2722
6852
1428
4262
2469
3708
3485
4885
7050
2085
553
8059
1506
68
2768
2370
7419
2293
4262
5517
6540
3983
859
7977
3176
7387
5279
92
6799
6501
7228
1050
6176
5206
7205
7758
1421
3461
4631
78
1029
3469
7179
1987
1147
7407
4643
2363
5271
823
5288
3010
4323
3123
2693
6298
2370
4469
4987
3055
2888
5198
6000
4174
478
5951
4112
2452
5927
34
1815
2055
8103
7224
667
821
2037
689
3445
3279
4933
4644
5142
1829
6992
601
2150
7761
3574
5186
135
212
685
344
1130
8065
483
2647
1982
7974
691
3030
5514
4132
7706
4532
5310
4822
5573
6974
4968
4689
1220
7462
797
2277
7823
3193
5562
1224
218
5083
452
6151
2320
2729
4794
5315
6148
5724
1278
7811
3125
1150
1652
4966
2751
3513
2242
4815
7896
1610
1053
6223
1414
7237
1541
3150
5613
39
5447
1202
2402
1449
1697
2450
1442
813
720
7877
5525
2224
1660
5402
2046
1273
483
2565
6878
614
692
3763
2646
2193
4530
4460
18
774
738
3147
891
4385
7194
6756
5508
6817
2598
6542
6215
5553
1732
6081
4899
1030
1233
2983
3816
2455
225
3373
2800
4971
4100
6713
5994
5450
2321
5910
6011
3133
1126
7444
2773
7028
2686
3114
4149
4569
1952
4282
7
7856
7880
2818
4709
5426
4161
7908
6919
2811
7066
5253
4537
2021
5092
7261
323
5980
3078
3258
7669
8092
5722
8190
2618
903
2926
6526
7138
5718
4235
1911
7011
2363
5269
6763
7918
860
40
1764
2293
5535
3589
7259
5346
1611
1172
2332
758
7658
4048
3754
1016
1636
690
5610
6719
2051
6132
8191
6037
3358
4935
2130
277
2416
4780
504
2177
5007
7964
3782
6373
4535
361
2002
961
7891
3775
5031
3081
3426
3105
6541
3199
7303
2385
1352
8134
3789
4537
2704
6222
2848
3479
3405
356
1630
4759
3373
499
760
1241
879
4761
126
4932
1021
2878
4285
6283
4680
2606
4444
2638
3504
5578
7540
1870
6313
3017
4099
3047
4909
1114
2455
5786
1680
928
6811
7675
1183
1147
890
563
216
4898
3297
6853
3483
4808
1457
1123
1189
5308
6974
811
2373
5221
3262
7958
289
6778
6066
8065
965
2764
2503
5369
6179
3922
3051
3835
364
2761
1637
3039
930
2353
891
5805
5303
2059
5884
2163
1372
1005
3874
2643
4368
6279
1810
6826
3073
433
4388
6502
423
6973
4783
5756
6299
5661
7345
1912
2721
4796
1354
1678
1381
7694
624
6183
2871
1694
6570
2680
612
7464
5414
48
5619
4575
752
3894
625
4332
6689
7568
7168
7760
6283
4083
7754
6806
6779
2572
3048
3564
7697
4051
5770
3916
6741
4176
3989
4566
3952
2171
464
2172
7113
2616
7398
209
3481
7830
5874
5404
5572
2000
6410
2151
1066
7965
7857
6154
2554
7556
1478
4010
4644
6239
5364
4998
4821
7463
5014
7312
2410
3334
6018
3270
5460
487
6942
5542
5659
4126
7593
246
6380
3221
7702
2721
3005
5908
4269
4208
2588
7968
3484
7678
5947
7013
3063
7408
8009
7795
3192
4511
4099
4669
721
298
5167
1786
4393
2374
618
1627
6091
4691
7215
68
1959
5557
3946
5070
511
4561
5121
447
5271
4688
6270
5707
4246
8178
3
5367
120
5020
4790
2746
2797
3391
6255
6454
8007
1219
5152
3104
7338
2516
3315
3450
5650
3473
869
6292
7865
1814
4694
7668
2495
7053
2279
1434
5749
3358
3109
1738
2159
3170
4965
1158
5459
4873
1411
8159
2882
5491
2167
6839
778
1645
7065
924
4256
406
2410
6413
6934
7676
5292
6673
8049
8003
5894
5141
4638
3503
1029
2263
1744
6311
539
587
4273
6415
2306
434
5072
2676
5526
3119
3745
4130
5999
1084
3119
4606
2000
2935
2407
5445
6633
6671
6459
1834
8140
2670
6831
7294
64
3366
7173
270
4161
5740
4575
158
2288
4034
5434
1785
3602
4699
2411
3188
4688
5874
3953
4200
4408
5505
7049
2679
203
6991
1463
3798
3918
6416
465
5623
3938
148
2028
3854
7682
6772
808
422
6155
5837
1662
5279
7655
7398
3345
4135
5736
7136
2799
3109
6254
7344
7012
7618
754
976
4354
7205
2152
4705
2577
1454
4730
2633
7384
3351
129
7718
1122
4339
903
4804
757
2812
6559
6236
1827
2493
2653
208
3672
2284
516
1384
4336
3567
2776
6872
1943
1493
6144
938
388
7204
4136
1451
1025
6551
5859
6695
2113
7358
2471
5184
1800
4190
1170
1080
6768
2928
711
1651
7332
880
1651
7139
3628
1158
5695
3629
6478
7696
3514
4274
2156
3217
5549
2766
434
3741
641
1656
7983
2026
4814
8017
937
6748
277
2241
5034
8155
7796
5537
1901
4005
7972
7000
2720
140
1643
5429
4390
3557
6910
1434
1109
1965
3638
3620
6885
1971
2234
3567
6082
2464
4052
6
3138
975
298
5403
5982
5824
6441
2636
3580
3230
5378
7398
6277
1247
6847
7859
4256
5862
1511
7309
5792
4971
6816
3894
6057
6178
3151
1879
7364
7683
634
4174
4762
1911
3992
28
5321
765
7224
5406
1143
1465
726
2083
4866
3243
5977
6097
3816
7781
1817
6072
2588
7632
6518
915
5231
1802
3199
5474
6695
7172
3612
460
5270
6754
7364
6614
5141
3922
5559
381
1138
7789
8041
2496
7730
6861
1091
408
3678
2345
5189
6777
3066
6138
686
3018
6022
3058
3378
554
7546
5214
1766
7370
5706
682
1561
1507
692
6423
4823
8017
5247
2555
7790
3763
4645
4
7481
6484
7715
7892
4526
6925
907
377
2534
3231
297
3028
7523
2321
1798
5331
2327
1299
188
7628
6186
2906
7783
4609
701
316
7454
7114
1778
961
385
5536
1672
2948
4814
6401
3582
2959
152
229
914
4919
5852
1736
3066
4652
6651
4301
4097
8089
3382
7790
1977
1316
844
6497
6204
7204
7113
4354
6825
498
7879
5227
4017
721
940
153
1372
3048
7670
4366
593
719
2443
8098
7878
1929
5778
5867
2175
7635
6954
1234
756
16
1439
3950
5361
6243
6620
8020
6222
5405
7051
840
2970
4060
985
4955
1232
2188
5513
1202
4459
6647
6361
5911
5926
4345
7038
1295
7683
5911
4748
3381
6838
6259
7843
7835
7718
2380
5075
4859
4576
4779
2419
2883
4397
1756
7231
7567
3706
5130
5800
2433
7524
6487
5048
1879
6361
2600
1074
2044
1729
7260
1209
7950
5250
1108
6749
6056
7490
6188
7849
4950
7312
5851
4785
4752
1206
3489
1130
765
2685
2911
1166
5906
6338
6766
7902
6107
5300
777
4466
5037
677
6303
1056
5077
8100
5737
1350
6754
2828
1542
3015
51
3440
6643
6415
1890
2709
2559
7965
1132
5387
7880
4692
2256
5438
7677
8049
7806
7256
2755
7450
5975
2237
4267
7853
7369
4678
4357
4257
990
6458
1927
6456
3543
300
1098
2619
1490
3573
705
5472
3304
360
2688
1993
6530
3525
1180
7831
918
3004
3572
7236
2857
4385
7315
6219
4119
2812
5585
4605
2520
252
2277
5400
1318
2738
5911
2315
2408
3793
3470
6534
4649
1367
3655
1840
18
5394
2090
8028
4884
5718
6868
4605
5029
449
4224
1091
1826
6314
4785
4415
3497
7140
4525
2856
707
6603
6919
5878
6067
1747
5197
8026
217
3781
5974
1724
7615
4316
7585
5086
5734
5376
6942
2749
7610
6965
6951
5990
5925
291
540
7320
870
6315
3115
2675
7115
6128
6688
7671
1686
4328
4036
7906
590
4790
4431
6806
7692
3910
4939
4681
6697
1576
5174
6502
7953
3250
5276
5086
3806
624
6562
829
5575
619
5893
1400
6840
2344
4781
261
964
6856
1764
4533
807
3156
7570
4617
2048
7724
4167
1136
2001
8170
1053
608
4328
4865
6221
3239
936
1695
7081
961
2157
1764
2466
1001
1824
5499
5876
7711
1247
6258
4747
1286
1240
4924
3561
5411
5487
4798
4899
4212
6610
4987
7704
147
7766
6498
6110
6153
2213
4626
1829
2671
7532
2332
5947
4599
5633
5528
1314
7489
6534
190
494
3557
921
5015
7501
3487
4566
3187
276
3096
6021
6000
4971
929
7922
3918
7394
5459
1137
5547
5254
4914
114
6062
5289
6784
7946
8038
5578
4347
6058
3808
6253
8191
1012
3437
4918
4600
6930
6860
1974
1597
8002
7644
1230
4255
5946
3860
3674
1008
96
8143
6381
822
3640
2692
4115
4659
4346
4087
6768
4267
776
1413
3975
7713
1105
6899
4875
1631
5177
1118
6306
1223
7765
5723
7602
423
4174
933
1770
1977
1638
224
5829
5720
6397
7288
2050
2845
45
5718
2031
3894
219
3853
5662
6634
1927
2133
6781
5821
7090
3590
3065
366
5921
2673
1760
5200
3356
288
3756
4488
6119
3824
3002
5010
7835
661
3940
6702
5019
152
621
285
3225
2705
5712
857
6864
7305
4004
1028
8162
5367
7652
4614
1972
3727
3211
7894
2719
182
5197
2660
1694
5452
6003
1310
4255
6410
3447
307
3789
5566
5965
1845
7680
3171
2
8057
612
2081
199
4544
2312
1469
3698
5222
2878
1349
938
6967
3375
2086
2365
3094
2556
6411
1588
3268
7869
6794
3660
7637
3985
398
3885
5249
113
1583
6211
5730
5723
4917
6690
6486
8072
7185
6349
1429
2943
1086
4126
4645
5571
4403
5848
7031
749
4896
1632
424
4708
6258
2584
2711
3245
2312
6846
4878
3227
870
4915
2818
3490
1201
162
3398
8084
3087
7967
3039
673
6006
6538
5803
7856
7811
3578
2368
4969
6953
1772
4908
6956
6897
4591
6008
1292
5830
2485
998
7633
6819
629
5953
4843
6019
1602
4736
2802
6818
5338
4669
6973
1126
7208
6160
5392
3475
2599
6095
7339
8043
3954
3470
5212
632
7023
7152
7909
1021
3491
6940
3940
2661
4284
7332
3855
646
4958
4377
3948
574
6527
1276
5858
2443
4840
6195
1415
359
3703
4222
6033
587
6454
4674
1260
2363
4714
2214
4348
8126
3708
2226
992
6799
1494
7478
8077
5931
4649
681
5276
822
1415
2015
112
3200
2663
2696
2052
7759
3806
7604
545
6275
1407
7747
3584
3582
8025
7294
1496
468
4318
1656
7700
5286
2869
895
8127
1738
5347
5021
3993
3531
7102
359
5016
320
906
6064
6541
5178
3148
662
1958
4491
3819
139
6421
6883
2894
1045
5409
1748
6436
8132
3541
1115
1500
5737
8030
4127
494
3670
5641
754
2737
8160
351
544
2211
4491
7892
8181
5058
6468
3193
7779
5905
5203
7080
7763
7783
2332
2930
3182
3621
5978
2434
2438
6600
5953
59
4797
6715
1773
4614
7174
3635
4902
6052
178
4625
6826
1772
6914
197
3276
5732
2747
5667
4076
2420
2796
1246
525
6962
5772
1181
5312
1603
953
3887
4084
5649
7413
7801
5211
7968
3833
7648
7100
6858
1221
7117
527
2052
6547
5758
6786
4581
6935
6521
1219
2759
2516
1626
5736
2333
1740
3035
1416
5945
3382
8115
2848
6562
6160
5844
3324
3375
3343
5559
2597
1093
106
619
3725
3618
343
5865
2921
5921
6477
706
754
1203
15
4764
1969
8025
5997
2501
3119
5010
5613
2343
6761
6797
8045
1867
6019
3835
2896
6679
243
7001
6056
2032
921
238
4477
4200
515
5596
3778
3140
6401
7831
1889
2886
2639
4192
3941
609
8058
4777
4695
6078
6763
3082
1278
6253
4854
5120
4971
1220
4405
5144
817
3349
2574
210
6984
4020
7781
5218
5667
2286
1976
903
5507
7709
7665
459
5114
104
2653
4600
4381
535
4296
3860
7002
4863
1317
5106
2509
5689
797
3613
2091
1910
7599
6706
1858
6656
6397
2233
3946
7028
4021
2177
6465
8063
648
5334
3151
1814
7096
5615
967
1732
4506
1933
7412
941
6900
1954
1758
724
4682
3834
5131
2124
3087
2707
973
6112
1875
7157
5748
1594
5646
7074
937
1141
1045
1961
1785
5547
1652
1344
1706
5402
3518
1373
3342
4054
5775
5069
6810
5106
1654
1678
3458
5798
3136
2132
2473
4573
2213
7774
1356
1073
3754
1738
2678
1268
5459
7880
5241
6720
25
7051
6966
5909
7490
339
5520
6603
4198
389
3060
248
5637
4282
4292
6797
2708
606
2555
6295
5620
1335
4051
7906
3502
3377
7702
2530
5952
6161
201
7328
1838
7424
757
2604
4055
5330
1054
2965
7110
342
2251
1079
7630
2616
1975
1826
1144
3973
3333
3034
167
3588
6163
8016
3250
7370
4346
7876
1505
4099
2376
7227
4889
6278
3923
3693
4615
6079
1794
6107
7223
1106
1233
4109
3076
4363
487
752
5434
3371
4642
8140
5682
3786
7281
5062
2931
5779
832
2572
4619
2222
2954
387
2819
4281
315
6986
4592
3303
5530
3303
6983
1479
7252
6226
7273
292
4138
7678
6073
7126
3167
7811
5529
6879
1673
2346
7583
4210
2847
1003
7954
5852
191
3461
2946
5355
4828
7868
7844
3068
3708
5376
6542
7826
56
6182
7980
2237
2431
2477
8133
2283
7793
6959
5335
5919
1863
1104
2812
818
1431
2252
1634
6114
6471
2013
5631
1983
4598
2270
2676
1842
3834
5034
4405
3349
3661
5054
924
2353
5706
5239
6477
761
5329
950
3634
2214
6336
6084
3897
7826
5796
3925
6177
8127
5285
3298
1543
5194
293
7336
2377
6724
8162
2230
6555
1722
3175
3099
6560
4238
7002
6929
3619
6866
1786
5892
7411
7781
908
3983
1083
6241
7798
1869
5157
1644
19
2609
2720
430
6530
530
4143
1721
5688
6816
6909
2937
6286
6276
2803
7520
6678
1649
1323
1435
5948
2223
7001
1482
7000
3849
7586
4059
3480
1385
8044
1070
2222
4454
6463
6275
4091
7009
3763
4748
5422
8052
1529
3234
7401
7470
6738
3599
6713
6786
8162
6314
5676
5316
544
5688
237
1674
3252
2712
5633
7606
5177
7325
8151
5498
1419
1026
179
3915
5046
7119
6508
5774
90
1590
1087
5766
7455
639
607
5937
7059
2439
7493
35
2521
6147
6003
3487
7399
4429
2351
1416
4595
5190
4524
5058
7004
5187
6805
14
5464
3018
1352
7029
6180
4005
7716
4189
287
7905
1487
5187
7818
2924
2440
6567
88
3965
6173
2537
6094
7089
512
6734
3291
3818
5289
4453
72
1863
4317
4488
2039
3129
353
7074
6174
5332
5135
1285
8165
3208
3989
6727
4601
569
5500
1316
7310
6639
339
5359
2459
3056
7811
3818
5443
6855
7549
5271
140
4679
3362
7068
8055
2879
5197
4159
7923
5227
2945
5332
5093
6906
7308
325
2292
2245
7156
1134
6024
276
8009
6031
2790
5017
2410
7178
7628
8125
6289
5006
8177
1346
312
7960
2795
2892
7698
4854
7280
3567
12
1907
7372
5573
998
4318
744
4491
2579
6909
670
4360
3908
2978
1498
5362
3877
980
7654
4308
1735
2964
2820
6362
6211
1117
1366
5242
6156
7807
7498
4933
4830
5361
3330
1483
7933
5083
3995
3274
1192
263
8046
1977
1423
1089
131
1187
4714
8083
6645
4965
2891
5695
6033
5148
7256
1201
1377
4606
850
293
2711
2614
2983
1896
143
5264
7489
735
769
804
2232
3096
115
2145
5569
3287
7118
2264
368
7821
7655
7790
2617
1839
1311
7919
2271
1209
134
89
6382
2428
7080
444
544
723
1471
2811
5094
3441
6845
2154
6551
5521
2669
1919
1604
1316
2356
1712
3448
2469
6580
2518
1509
434
1970
5217
1701
1688
2490
6983
7010
7531
5983
631
4595
612
561
2825
4056
2534
5005
1335
4706
690
541
708
5087
4758
6809
2495
2542
5474
859
1946
5018
6536
7936
5234
4158
2820
5025
1098
1706
2170
5469
6738
2375
1145
5067
5611
2254
7211
3108
3299
6830
4887
1681
71
3223
5622
6378
282
5719
2316
6180
34
1069
5184
1456
2282
7480
4439
3331
3521
4880
4038
6481
4737
2891
6875
4386
6281
3341
974
2291
6057
7842
7597
6184
1021
5538
6345
7334
6692
4416
2935
8110
725
4993
309
6558
5985
4657
6292
702
1194
6987
857
1017
8080
8079
4579
8040
1490
3474
5403
1888
204
7615
5836
1715
7290
915
5812
5954
1298
6044
1496
2788
2239
1388
16
6750
7278
6488
2113
3776
1860
5414
5060
5845
4192
3234
3368
6352
6422
4402
5217
5008
7350
7675
2777
3124
7286
3167
268
1274
7636
99
3401
7155
3132
7485
6624
4563
4058
6023
7130
1559
1643
6249
5971
7203
468
2027
7927
2625
2299
3753
4240
3075
3468
3897
3339
5036
3401
7910
6288
5435
4389
133
3179
1477
2160
5245
7492
6768
8132
7283
6975
2405
3213
6743
5733
923
6484
3194
6453
2228
1755
2115
7601
1364
7182
2478
3866
7043
4649
2769
1317
4197
2342
3523
946
6894
8148
5692
6511
7653
6213
4328
3800
512
3333
5088
8077
3610
741
6780
2176
7641
7325
4432
6383
7525
3013
2289
8046
4884
4985
27
2106
798
3029
2285
5082
3221
7633
7148
2100
5572
128
6177
3429
912
7209
4305
5716
7222
5006
2445
4469
1219
4313
4064
5699
3010
6409
620
6783
335
7718
2807
3448
1715
6424
7363
1363
2312
1618
6993
2442
3700
3541
7671
7929
1189
5417
4139
551
6471
1294
7832
7023
66
7085
2499
7685
1606
3644
6061
4260
1589
1582
4712
2542
2410
7393
1079
1090
6934
4462
7556
2347
3742
5933
6514
1670
5037
4559
5721
7237
5358
7457
7672
4092
5221
1149
6185
6339
309
5922
3872
5713
4141
7999
2356
7388
3784
6233
3146
2112
237
4564
2168
593
93
260
3568
1634
457
3005
6333
8129
1695
4838
7978
6491
4956
942
3381
1927
5739
3207
3342
5669
7970
6045
5323
968
3669
1174
3969
3209
7344
4643
1180
7350
979
6758
4193
543
5528
6534
2411
3288
4473
1234
4976
892
6733
7773
6650
1761
5308
3908
2507
3028
1895
1945
5131
155
4293
1534
2789
878
4409
7191
2883
3738
6905
1617
5532
7746
1161
7428
3936
3279
8137
1810
5202
1770
6449
2700
2903
2038
4561
7526
5656
3615
1337
2762
2466
5528
2418
2026
6293
3808
7085
5229
4443
53
8102
2157
2422
1744
2178
3374
7584
1658
7592
6419
7074
8142
2791
4040
580
2438
3292
7331
5433
7901
1275
775
1942
2239
4825
1453
1836
3403
5731
5449
201
3294
1488
2929
6636
2276
2658
635
5977
4338
6939
3086
4124
6065
1498
7425
5576
3602
7339
7562
6421
8062
816
6374
7814
6186
6243
5017
1152
5690
5331
771
7136
3070
3230
6485
1218
7941
2451
292
7064
7379
6409
4419
6856
5328
7542
5930
3012
4716
349
3861
5512
5927
7365
3180
2376
5401
6574
6331
791
2750
267
7297
7336
6071
4559
7507
6904
3897
5101
98
4251
7141
5704
3868
2406
6880
6121
2684
191
6497
4707
5824
3915
4573
7832
2534
3100
5798
7261
2295
6536
1534
505
2072
4147
1762
3727
6648
5733
1582
3498
5815
1982
6889
4358
3891
3096
1003
3638
1766
7491
1909
4058
796
1398
1515
2029
3550
2883
5012
5263
4017
2272
961
5143
5463
4143
2918
5092
6204
1175
7160
1979
4943
7624
8163
735
1229
549
2416
6174
2644
6811
3035
125
5894
4371
3205
3713
2305
3862
2172
7641
5971
786
1737
7980
1634
6912
1683
5044
2759
5173
4111
6452
6436
3438
180
2713
4566
1939
1578
2903
3759
4624
719
1396
1639
5448
7913
1831
1752
452
1086
1399
799
1823
7243
1029
6308
728
1008
195
4040
5370
6993
3824
397
7504
1127
7906
3356
3304
4118
5834
7329
1952
6385
1111
381
2703
4416
3073
7946
3008
6370
6404
6279
136
4576
3328
1280
5889
5489
694
5788
4368
6129
6320
6488
3522
2573
4179
924
4102
1332
3369
6262
52
1681
2008
446
2801
5399
221
7873
3353
5870
6136
5131
717
6016
2574
2704
4402
3994
5206
1346
6751
4823
3522
6864
7396
3196
6266
2402
109
5257
374
2661
1686
3625
4238
6395
6028
6067
7218
7692
4824
732
2363
6502
4811
4039
207
7881
6931
1884
2998
6596
6205
4855
141
980
3241
3460
4844
5625
3191
613
5004
823
7627
6032
635
4843
973
68
5516
6180
1034
6177
4797
2862
8076
457
1675
6226
6391
1979
234
3148
5699
3717
5570
3332
3794
1505
6087
736
6944
4730
7839
5772
660
7550
4837
6121
7288
606
3651
5952
1458
942
6736
5200
4086
5351
5266
7226
987
4218
3538
1915
799
3326
5547
3133
7227
3304
759
6531
959
7135
2869
6285
3321
5
3006
6885
2650
4864
7288
6044
402
2978
2982
1899
4028
1084
3031
508
5442
940
4681
5168
7906
6207
7502
8105
8053
560
4726
3033
288
1768
8118
622
5896
4565
3288
1320
7003
3721
4453
7779
3372
7128
114
1404
3220
5085
295
7641
4703
686
7477
3274
5620
2444
7114
4141
3141
1807
4457
5654
1848
2417
2534
1567
7026
6921
4039
2881
3447
1904
5522
1033
1158
4197
5746
5310
3625
196
1989
519
7635
4424
284
6621
215
7674
3085
2782
7142
2681
714
6129
5097
7015
7933
3580
972
4392
3499
3873
2288
3388
2295
7913
2306
7018
5284
5526
6674
5299
6641
7394
7615
3642
5767
1622
6038
5966
5009
154
4463
3245
2600
2738
7153
3691
4694
7552
5592
5986
6556
5807
5587
5554
4885
1731
1046
2926
6846
7015
6325
1938
5353
3057
6761
3367
4955
6226
5694
4135
3702
6654
2984
1659
1002
6852
5802
1652
1115
2854
3435
7009
550
7386
6541
6163
3400
8156
1551
3287
1202
8121
6599
4406
1591
2342
6759
3622
759
2241
4477
7521
2140
4157
7838
2214
2170
6417
3648
2752
4558
6886
4811
848
2467
4767
4891
2930
3142
3682
5479
1516
588
5228
3869
8145
5547
403
4880
282
7686
3986
7327
7694
6291
1882
7172
4160
3669
7448
7563
6772
5369
6236
7560
1209
6147
2279
915
6224
3662
539
7120
99
494
1809
7184
5755
373
2482
1572
6368
4035
569
777
2162
2490
6389
2957
6901
725
4233
2052
2722
5105
1142
1323
4978
3032
2179
3046
4788
7640
6595
7351
230
2522
1559
6016
2691
3372
3734
5332
5781
1467
2213
81
6840
2039
7612
7467
7503
5546
7884
2324
2685
73
3009
4421
7387
3305
2984
3187
3491
6648
5894
7260
6205
6676
661
6478
1705
2838
3794
567
1319
6087
4306
3345
4238
163
1882
3888
2525
3315
5143
5018
5994
7539
4147
2324
8094
4773
4091
142
522
5934
4732
6725
434
5173
7076
2606
1194
2169
3706
1780
4137
3847
7582
1582
2434
1548
819
4046
7481
1451
7941
4646
4832
4958
695
2434
5935
1946
1372
1574
4576
6114
7041
6561
1983
7663
1266
4560
3508
6824
1577
3897
6939
2285
2769
3239
6735
4331
1631
472
1179
5611
4085
2936
2676
3832
3548
4058
6827
6965
4095
2999
4318
3990
4909
4083
6777
4244
3018
212
697
2511
7805
6344
8046
3804
7842
4578
4920
7312
3175
5697
4223
8115
63
7957
5969
3129
5270
6019
6064
6843
2400
355
4270
3864
5341
3081
2727
2662
458
3409
6049
6706
4875
6861
645
5836
6370
5770
1676
4482
2642
5275
7166
876
5570
2643
5645
3689
1886
2935
987
5209
5949
4497
1197
4742
1081
5205
8110
7903
1201
7462
4152
2541
2669
2357
899
364
3717
5130
8137
6062
6772
7540
4285
4566
1328
489
7375
1593
5946
6310
2081
3207
1303
4554
6465
3585
6862
4140
764
1564
2188
3991
30
2986
339
8104
4120
210
7838
5269
744
641
3538
299
2216
7332
3725
4646
5325
506
3282
1495
213
6903
4400
1817
3630
2002
6494
2430
5264
6876
1213
2022
1823
3595
999
6537
2792
7465
2016
7321
114
5944
4659
222
5404
5815
4815
7885
1871
5677
7239
7969
5473
175
3372
4137
269
4089
1989
6761
6618
4544
2569
5602
4873
6191
1769
5547
5217
4146
7315
172
2467
6501
3100
2315
1181
8055
6077
6611
3137
5851
5203
4766
7464
3962
5153
1763
4615
6208
7132
5916
5429
5506
47
675
5657
5778
1782
5684
947
1778
5859
7308
2502
1115
1734
2049
7854
3736
4691
6168
4146
1105
5239
6951
3159
6976
6291
6993
65
2442
907
6394
7447
4941
4601
2553
1418
5578
6133
1533
755
4393
3128
4237
5001
2919
3182
3087
7657
1681
2348
7902
4627
5783
3679
6954
2100
716
2490
6945
2530
5220
4531
1671
141
264
676
5043
2210
2355
1039
6919
1987
2886
7293
3875
3918
131
2985
1210
3680
61
6587
1702
4055
6220
5786
3084
5427
1395
2079
2741
4917
6294
5951
3556
2906
6172
2807
2987
3205
6277
3405
1364
2129
2593
6190
386
2870
1747
5232
369
5473
550
1316
813
7045
3539
6805
4524
1378
7921
1916
2600
4683
1895
6613
3114
5833
1118
2815
1361
5972
2381
2528
1070
5953
2419
6125
302
3021
1293
6796
2053
2607
2595
6001
6486
32
4704
7508
3390
2838
6675
3
3605
4031
7233
364
3888
875
6347
1720
1626
3928
3802
7934
1173
1547
5852
5453
6511
6579
2129
933
3219
7538
8184
1968
4007
464
2547
4822
6401
6927
1503
2084
7801
4794
1442
8121
1640
3663
8068
3900
918
3164
4037
2222
6824
13
537
4263
7634
1688
438
1649
557
1722
5629
290
7632
614
6952
428
2452
4560
6696
3440
5746
5149
8182
6326
7124
6315
7107
136
3184
3286
2602
4303
4849
2891
599
2948
6335
711
6970
638
6171
3173
2321
1233
7066
3459
1698
7062
4346
1695
6918
7167
6509
4884
6299
4079
1709
4700
1336
5398
7461
3847
5704
7967
3992
8092
522
524
699
3358
6123
6276
5185
6896
3838
2368
2842
458
3224
4169
5120
253
6519
726
1600
1360
1793
2603
2979
5680
18
6478
3738
2648
6331
3506
475
1202
2404
2715
1199
6731
1492
5422
6316
7451
6256
5570
2262
2180
4533
482
6518
1756
6111
7089
4302
3484
6536
53
3600
387
5030
7918
3807
5590
5325
1760
5626
3296
418
5687
2971
3493
3129
4007
866
6379
4988
3576
6004
5291
7139
4114
6614
5271
4216
173
772
6097
5530
7986
1787
7136
409
7209
7342
2381
5889
4450
3281
3130
507
7905
4089
6677
382
4506
6427
6061
4047
8026
4255
4735
5128
5684
6588
4377
1803
444
802
6987
5351
1667
4185
6422
7739
4188
3875
8114
7519
2559
1824
3654
2367
5660
3403
4933
8075
2660
3328
2265
6540
1101
998
1484
7044
7652
2587
263
2353
2281
8099
1997
770
3287
5500
5928
7723
2177
1376
5360
3602
422
4131
5507
4196
6671
2674
3005
3594
59
66
2122
1941
645
148
3586
2149
2381
1907
5037
3373
2427
7398
3491
6036
7304
6755
3013
5997
2954
6056
4111
119
6638
5308
6511
2007
7472
1103
422
2015
2107
5711
2379
1540
7932
5616
2187
276
5506
1771
1367
1454
6950
2456
6367
6781
2825
3879
7601
141
2570
7263
6443
1669
5818
3863
4833
5685
3321
1042
2155
4262
4802
3629
5233
5466
1834
1501
931
4584
5235
8143
3143
1209
1423
7936
3545
7137
2623
3080
1778
2997
513
3812
3437
2058
2257
4220
6084
3932
4006
6954
3374
2231
2413
5932
423
6522
5282
3091
2012
1918
3274
759
3782
6980
3427
6181
5900
5717
4287
1161
899
1509
2686
730
3597
7217
6466
6640
2170
1442
3749
1285
3961
6374
1056
263
7572
7861
3743
1693
2742
752
3266
3449
1250
5464
7583
882
4762
7418
7566
365
3987
7670
5515
7121
7490
81
4704
4567
5079
8149
5442
6925
4055
2821
6493
8040
4014
1250
4256
3141
6956
2197
1180
4681
3574
5206
976
6004
6563
2640
239
8112
6021
8087
3391
7194
7947
869
940
2811
5536
8072
563
7355
2644
2062
4812
4931
2588
5135
3768
5485
1707
4166
7491
5340
7021
4166
320
544
5130
1114
2238
4927
5008
2358
5461
4839
4506
5766
7850
2831
7891
5504
4945
19
2721
5955
2969
2367
4209
5374
2066
2219
1259
851
3933
867
1425
789
3581
1909
6776
7777
3408
145
584
159
5611
2663
2954
6208
4219
2674
555
7926
4533
2290
4142
4945
3159
959
6763
2817
7953
1204
1733
476
563
1699
7695
2366
4549
6175
8030
5575
5000
3194
3198
4498
3773
8051
3784
5598
844
7435
5312
3828
1341
6411
4746
5325
3116
1
7041
5791
4243
3274
2780
1751
1481
7104
3008
3181
5105
3347
2811
3645
5778
571
3024
4415
3010
7687
7406
425
874
4740
7566
3364
4023
5436
1097
1705
3886
5338
5329
1820
5569
5895
3947
159
434
5879
4538
4418
260
3620
4452
4022
3063
7678
6633
6615
5913
6430
85
3762
5834
4936
7153
714
5853
2652
3882
6311
947
2041
4569
768
2029
3138
4271
4318
5693
1723
3956
2349
607
731
3016
389
1527
7285
4358
3152
2027
2736
4
3901
7302
7970
5857
2402
1049
6238
1969
7288
6653
7416
4865
3143
2062
2707
7246
4988
372
886
6376
1124
6733
7879
5394
1777
2341
877
6965
7848
6690
50
1029
6863
4818
2715
1311
1842
7290
2432
7765
4410
2595
1310
625
2841
2238
4537
3854
5702
692
7394
6586
7011
1353
456
5579
7133
1222
2384
3447
7114
84
1900
5798
7359
8174
7945
3174
5261
7268
6027
328
2483
2268
129
4559
2142
4940
2234
1846
1349
2727
2069
1812
1489
5176
7348
1693
896
4428
1300
3471
1132
2591
3542
6675
4161
3430
5828
7551
6340
6209
6249
1597
3621
4664
5230
4920
3875
5639
3528
5283
4081
5466
7920
7249
4467
3913
5175
448
4232
8090
2112
1867
1560
2734
7256
1597
1912
7576
1181
5341
291
26
6794
7783
3897
8176
5147
3850
2327
7866
6950
6794
6155
2216
6039
6853
5548
6151
7740
4108
3610
2272
1224
5141
7486
4178
5666
4693
2015
2406
3795
8154
4496
3895
7397
287
3334
674
6443
6741
2692
7406
8008
16
6112
3388
3561
2539
6631
801
5717
2989
7837
6032
3464
1323
2889
1469
2236
2446
8186
3767
2530
743
4022
3038
4326
6159
2828
2489
2040
8139
2179
1309
2162
1028
7099
2860
3903
5105
6339
1098
7534
3266
7917
1716
5411
6942
7350
5817
6417
5825
3115
3594
6041
744
7379
1575
469
1400
6652
2075
2398
3636
3894
2391
2465
6543
7131
7853
387
3064
4131
3517
448
6062
5246
6088
2839
4071
424
3406
6947
839
7425
8089
2796
2117
4702
7738
5819
1862
3371
4634
2450
6334
164
6702
1997
3020
5550
6032
6664
2857
5329
5217
6020
7600
2436
2605
6117
264
6885
6983
2892
2494
496
368
864
6184
958
4823
1801
3832
1585
5401
7011
3796
2536
1707
3077
6387
2209
7496
5686
2785
2861
3676
3093
6400
3053
616
186
5428
2893
6440
3835
5400
3017
3938
1300
7490
3269
541
3787
3976
3713
7336
5394
7722
7007
4236
681
2208
5271
5740
804
7021
7643
1462
4198
7534
4877
3250
5393
6267
1150
7460
4005
5135
2511
1175
6936
1668
2210
5335
3994
3687
2483
2867
2632
607
1277
3300
7470
6813
4052
1937
7489
6313
4092
5652
2591
755
1205
627
3343
1878
2265
8149
5933
7877
2669
7869
7520
147
1646
60
1438
7798
928
858
6829
4941
438
2426
2832
556
1507
4370
5623
6897
4272
1410
4046
4042
4466
2422
109
1983
5556
843
7796
6516
1763
4848
1297
2998
3135
8033
1115
295
5605
2601
6355
2342
7955
6237
3140
7820
158
6876
7917
3074
3993
965
1288
3373
92
2738
7940
677
5987
6676
7340
1767
5820
643
5976
5581
4150
8
2290
7742
1601
5111
6579
4773
83
3117
5228
5122
2475
2303
7402
6126
7746
4636
2605
3905
4672
6863
3426
1108
1834
2872
3217
4195
7231
3702
933
379
5529
6890
3869
8102
2004
1021
4552
23
8024
1058
8132
1212
4698
2486
7905
3007
7065
707
2350
1365
4202
1118
5031
4421
4690
298
2063
287
6866
1563
3998
7918
7397
8188
1735
2008
7911
245
6362
605
2420
4398
2280
1648
3399
7078
3429
4919
1463
729
2956
7158
6609
3794
573
972
7008
2943
181
6763
2947
3818
528
316
71
8177
4435
2950
3798
4659
2674
5506
502
7324
6776
3391
1440
498
3278
2296
2201
4482
1920
1723
6508
3406
4823
2032
6126
3880
1654
241
4052
6657
3630
1882
3863
5315
2992
6018
4939
3990
2574
41
1045
2936
1987
350
380
6473
4119
3987
4566
5583
2731
3511
5794
1358
2580
4424
5921
2983
1977
1447
6621
2057
86
3293
2668
2408
6012
65
3822
3555
1365
7755
6438
3827
701
3174
5533
6000
1770
2976
2312
845
1160
3609
4209
4700
2037
6847
4954
5539
4075
4816
1904
4415
4285
8112
2844
5274
1347
7960
2087
3319
3149
3840
7362
972
6217
2550
3316
4767
4715
2082
5585
3026
7512
1865
4674
8007
1098
2969
3684
3057
5541
89
5680
23
3
4254
4753
4845
6586
5008
6482
1616
4637
4882
4892
4953
4981
2760
699
7177
7990
1316
5129
5306
2790
3638
6665
6834
3671
3229
1194
2494
360
360
1103
8130
1530
4469
2119
4892
3917
7400
383
6776
1530
1768
902
533
971
7172
1758
4180
1629
5608
4340
5607
2191
2040
1821
6746
8127
1419
4095
8079
928
2811
3796
359
7708
1364
7386
4508
6662
5807
4465
969
3453
6220
1864
338
5398
3047
5753
1011
3030
5453
6628
5608
5104
2232
562
3960
6933
766
1285
4799
3334
7860
2208
2202
5518
4367
6781
7914
3110
193
5004
4011
6727
2796
6234
657
869
6045
7050
1171
6795
1272
6481
3369
2378
4411
2286
4175
7217
2038
6241
1249
8052
3473
5159
2443
2241
6051
4760
7072
3000
4350
2467
1805
4584
2330
5483
763
3591
7946
4464
6829
7766
7406
618
3995
5223
3983
6520
2473
1899
1373
994
4203
293
2019
2510
4266
2020
6197
2887
1584
2476
7210
605
1267
3234
1159
7051
2428
6746
137
6210
3984
7605
6681
7487
3852
8071
7141
3034
740
7739
4208
3157
5726
391
7941
23
2854
1753
4806
7620
2740
6618
7478
555
1349
5963
5566
2038
2938
5896
1999
721
8056
4224
7645
5391
4711
5031
1862
5678
5928
5450
6225
6297
4912
4366
7252
5916
2000
2275
1194
324
5826
2213
251
4054
428
592
1664
2707
6278
3139
1814
7088
1325
7197
6026
7878
110
6629
7032
6226
4419
4082
2495
3935
4664
78
5808
4414
55
3621
1957
470
7135
7018
4906
3595
5635
6151
3046
3745
4771
5403
3957
7451
1883
7850
2677
5620
17
5018
2467
3739
4297
4732
5154
7982
878
5284
3608
1759
4224
6589
4971
3589
4748
1756
8164
3636
6547
3210
2536
6842
409
3513
7409
5057
1900
6645
7881
2177
4572
8017
3045
3711
3081
4184
996
151
2929
6469
3866
4705
7282
3665
4081
1696
2914
2474
1956
1771
4565
7858
4924
6266
2294
1052
6758
6062
7405
5780
4803
1686
2523
8112
5776
2965
2714
2147
7774
6676
6254
232
6323
6436
3476
8138
6081
1834
7640
1256
2235
7229
7667
3434
7464
2491
585
4671
1492
7973
6042
2794
3224
7368
3946
182
3151
4583
4791
1393
677
7677
6217
3441
1877
4863
4938
2773
1522
4064
1301
1214
1997
2416
1029
6209
3535
979
1603
552
7482
6967
3706
7287
5366
3488
6424
6882
7131
342
2223
6973
5799
6354
2884
719
6502
4755
6394
3436
4482
3886
3890
4041
4310
6450
3952
1486
6838
7001
7300
2125
60
7796
2286
6175
2321
565
1560
875
1555
17
4422
7970
1075
1885
2221
781
441
129
1924
2386
3645
3129
4444
1428
2863
1002
6784
3424
4085
6311
5004
414
4844
3892
3319
325
216
6904
5251
6004
7297
2672
7930
2776
1996
4329
6387
1007
754
3122
92
4998
1103
5504
3209
7739
6139
2146
2653
2663
6112
4361
3229
626
3226
7333
7155
6691
7640
3723
7721
6479
1778
4644
7357
4327
2462
1854
3401
7382
4791
1696
2489
4118
7524
241
6249
5258
3599
121
733
7740
3491
6974
3839
227
1745
125
6146
2919
4278
1727
5123
3217
1467
5766
8176
3740
5620
1012
4999
5452
315
5574
3187
2715
5721
7960
1695
7455
3540
7108
7388
8072
5796
164
4791
2036
1201
7715
3654
4993
2315
3968
6482
7683
1299
1544
1417
269
792
7079
2739
7818
288
7123
7042
508
4599
4681
7695
2792
5599
1555
3078
359
6806
5606
258
1222
5808
2886
5130
324
6562
8094
3859
1549
1927
1231
6870
1171
1954
6856
2121
3750
2737
7531
6118
7017
4754
5555
2031
5078
216
4861
6632
8025
4949
6822
2218
3946
7058
4346
890
1554
6859
6306
5554
4533
7489
1178
4786
2974
5402
8144
2753
1190
4764
2791
2289
666
2307
2225
363
4382
4705
4825
1522
4814
5943
1520
7600
397
4750
875
4304
3253
7739
6562
80
2041
5372
4243
1705
4573
5645
4227
878
763
50
5605
1958
6400
7887
6028
3495
3865
6402
5229
3689
6788
3068
6749
5145
1831
2879
171
264
7629
7149
250
6849
6524
5148
6185
6270
6880
7899
5077
724
3750
7974
7305
5274
4460
2791
6376
2221
7423
4452
7159
4231
7172
4053
4287
1615
5371
342
685
8130
379
2859
248
2206
2740
468
5255
2520
7259
1729
8033
1988
7622
3736
2474
2206
7096
1693
1123
918
7587
5545
961
3804
1593
3134
4763
2624
643
3304
5323
4375
6617
5714
5973
2190
889
1731
1188
1859
4705
90
643
1790
2113
6518
6588
1965
7636
7157
5762
3284
5503
2430
4867
2642
3424
4668
6233
540
4982
2483
797
1228
267
5493
3173
4903
7356
5906
4057
3889
3229
5452
3561
6472
6120
6493
1754
7674
6393
4825
866
7870
6069
6229
1617
3963
5679
6431
5760
3985
1219
3735
3122
3176
6191
5036
2876
3135
5406
3725
7894
8175
6107
3182
8089
1922
6675
7257
8175
1928
0
6901
7891
4051
1878
6387
4254
5428
1678
4672
301
7535
220
6273
6255
6903
3972
7745
5285
4269
1431
3599
5090
3374
6021
2943
3321
4443
5573
7932
6327
1710
7877
13
7904
4542
636
7878
6316
3324
7473
4271
3113
4827
6844
7281
8073
1498
1015
5204
53
7937
4422
1271
5887
3531
7167
5775
7471
4671
698
6492
451
7628
1622
3958
679
4292
5092
6437
3057
1156
1340
2945
3800
7270
4494
1538
7135
8189
2063
2021
2130
1220
7349
3068
1700
7457
3331
4893
2749
7802
349
8021
503
4424
471
5489
56
3855
6861
5877
7539
573
5853
5296
7284
3548
3201
2146
8057
4321
1275
5971
840
4242
4736
3962
2780
2190
1543
1513
6706
334
2224
53
4672
3012
5343
3660
5011
6799
5483
1869
3080
5706
6714
3490
434
3906
2851
7942
8177
1275
296
3420
2064
6593
2188
6153
3103
968
3356
4993
7745
724
3156
7573
7500
3879
3397
4623
6590
1201
1279
6386
4753
2604
8147
7403
5043
4464
535
2564
3268
3941
565
4615
4479
1417
5502
6356
559
4259
3610
2048
318
2787
4635
5493
1562
7582
5332
4179
3310
4692
3800
6757
3139
7025
92
3190
4817
6847
2198
843
2611
3686
416
3837
5502
6369
1409
2019
6820
7688
1153
3634
6093
6561
1828
2234
2759
243
7590
1837
5929
1448
7685
3303
7503
2568
3143
1352
7189
6781
2495
726
4956
6087
4782
3629
7956
5434
6369
1850
5441
5930
1547
3656
2432
2362
3110
5838
2335
5723
6006
7467
1031
1893
1346
5161
7202
1125
1646
7462
3960
6205
7692
4669
5983
5263
6466
3907
1201
288
4877
3374
2948
7222
2514
1538
2503
6999
2075
7572
115
555
5846
1774
7952
4382
4996
4597
4232
3064
5527
2805
1345
7790
3270
3653
2792
7572
3028
5926
7393
6410
809
5231
5963
6875
3535
3274
4027
7311
8028
4892
505
7714
540
356
4383
229
451
4317
1318
4829
2322
6631
5607
4584
5534
7351
5214
4258
2915
2814
179
1151
3879
4288
6950
6161
7571
996
189
335
3576
1596
6628
2668
2171
5990
5782
1397
2165
6063
2364
956
1799
1631
583
3352
7764
3434
3722
3975
2388
3780
2284
7194
1148
5989
6519
1374
3854
6641
4205
5374
7957
429
5360
1110
3381
5277
8052
271
1535
7015
6783
7554
6726
1142
5329
5856
412
1644
3741
7934
4516
4035
5388
7943
7136
4782
5718
4705
6721
316
1797
1094
696
3705
2022
4683
1371
594
7104
6761
662
3821
401
3125
4090
1110
5569
3531
4111
1856
7266
2518
7892
1993
2256
6717
3119
1579
4168
4573
1890
3099
2876
917
862
6971
4061
661
990
5230
432
5397
3114
5888
7919
5648
5689
8126
1603
6006
1445
6083
3825
1495
4843
3460
4626
1225
4280
6739
466
7608
951
5425
7000
2132
486
3094
7274
8154
5142
6332
5010
4532
7507
6043
5085
790
708
5673
2567
2932
1036
6191
2481
5402
4716
5904
6108
2512
3390
7996
1069
467
2614
5393
3284
5422
5911
1320
7538
2903
6246
5632
250
4531
3491
2318
7705
138
5426
7837
4128
743
891
7185
1440
8188
5567
2106
7455
6962
4926
4729
7382
5508
5631
7685
2450
6320
5992
7456
3749
2398
4580
7557
4473
2186
3899
5343
859
2111
5581
3287
2100
647
180
1236
3637
6611
4927
640
7572
5580
7747
6044
4857
5330
4942
6770
3593
7371
2837
4220
4490
837
7477
1137
1800
2438
986
4384
1237
648
2982
8176
4407
7192
1066
6005
6174
4846
3523
2176
170
2618
5512
4197
6056
1035
796
6313
1985
7516
7856
5720
5989
7750
5032
8008
2172
5400
7560
2057
3064
2324
7848
5849
1595
7143
3284
8046
7244
1349
3930
737
3701
6903
6842
5706
3467
5646
5035
2885
3407
2778
6121
7246
7005
5130
5422
3595
5540
6501
6809
244
7560
171
1345
2259
4072
5459
4937
4046
576
6832
5831
1727
4480
6550
2742
1001
3874
7919
4404
6368
4769
7019
3557
6036
7134
2693
7206
2150
4087
2581
7083
308
1271
5091
3304
3862
7882
5388
4215
7828
3118
2783
3917
5143
5459
6949
3429
2106
2228
5076
4457
5546
5431
6782
5733
4358
2939
6702
60
7795
6083
2432
8082
3425
7759
3006
5636
6967
5171
3
6580
3690
4568
5117
3958
5762
1427
5874
2650
1409
6556
1411
849
7395
5414
7200
1206
3595
3414
3171
6368
7698
6030
3432
3845
454
161
2580
147
5205
2862
3541
5680
1958
4655
7412
5941
3092
2210
3351
6579
7734
4153
3573
6631
8179
8014
7727
7685
7801
1306
3934
1191
513
6892
5329
2758
5119
7091
2764
2160
1114
8088
7311
1032
7252
2430
3279
6899
1459
1651
3944
4979
566
535
3083
93
6636
3888
3818
5229
7618
380
6458
4576
1100
6227
6939
7430
2159
7613
635
6341
7340
5373
5272
4020
3466
5435
4493
731
2238
915
918
4475
8190
4504
3519
1932
6395
3011
1833
1537
7595
6706
1227
7675
2860
3192
1363
4603
2230
3841
4817
6501
5394
1168
4703
4492
6537
2416
4355
7333
4531
1991
3424
8029
4598
641
2297
5554
2003
2616
4700
3331
6591
2352
284
7667
3968
465
3859
6952
6979
1201
3207
2289
4866
4959
6011
3870
7797
5650
2403
5487
7515
284
6165
2995
1602
4514
6490
4590
1310
7341
69
7153
4763
7559
5952
3903
4666
1226
3705
7686
3838
7339
7818
4242
7231
6349
4224
4961
6806
6265
1766
5897
3890
2187
2044
4056
1290
409
2714
7890
4051
2096
729
4231
7303
5937
1483
914
8107
5854
1580
5861
4603
551
7645
2196
1794
95
5488
378
977
6263
6107
3390
2222
7683
7647
7830
1189
4327
162
5206
8054
7896
5422
6640
512
4663
4400
5785
322
2569
6105
763
101
8121
4078
521
424
2192
7839
2936
4909
5616
866
7675
6029
3621
6384
5470
6296
6184
7742
1240
5924
758
7103
7953
8099
1880
5123
3139
3348
1406
4534
302
5709
4022
6440
6737
6058
7588
38
599
200
5259
6144
2425
4422
4186
4677
7387
5908
3701
766
6056
1535
1800
2637
3989
3498
4133
4159
3985
7129
3111
6495
4137
584
4033
7833
2998
179
5202
2157
496
4253
1580
1572
4835
114
1688
7986
7339
7616
2627
3628
2687
7388
5606
5853
4895
4412
2540
4911
7611
4102
4622
2857
914
1870
7843
2150
4719
2583
280
5142
855
1738
6762
930
3307
4809
3987
3337
597
1463
6248
7527
4505
2927
647
7662
590
1424
5245
5687
869
3027
7619
6547
6189
578
1559
463
6449
4584
5944
7039
5295
7204
2233
3566
6065
3977
6150
5329
566
7639
3422
2506
7035
1599
737
8149
6068
1472
4893
4182
2350
7243
5007
4202
3000
6996
1857
2583
4522
6677
2057
1429
2405
5241
3937
3152
2300
1798
5020
1157
7191
1417
6241
822
3470
7412
7356
4640
2671
7820
7845
7570
4318
5434
3117
3316
1948
3107
6125
160
4603
5338
6288
914
2795
5491
1712
8165
2812
1855
6988
5851
690
6704
1767
2273
355
4209
1093
2198
4172
5196
8160
7279
2293
2654
5321
3264
2991
903
1529
4189
7305
1324
7057
5848
7985
3717
3377
3154
2636
1393
5522
1514
6970
7104
4460
1753
3202
3138
6585
1853
6109
6200
1214
5462
3303
4358
6100
6661
4656
7162
2449
2487
6008
6412
4428
1439
6292
563
1111
4808
7560
5913
4374
6319
7717
1269
8085
7301
1790
8051
523
7528
6096
7568
5401
4151
3918
8002
3445
5268
3701
6060
7895
6973
4538
4003
7402
7681
4073
3525
2150
4528
8146
762
4425
4965
7657
1949
5020
7761
2997
3569
7602
3732
4403
1072
7627
502
2208
6672
5935
4164
7644
4794
4124
1989
1400
7493
5815
2251
4170
5314
5628
3028
5662
4912
5588
1261
1117
721
5605
3130
7723
4143
3490
3831
5384
4377
7634
3750
2382
410
6384
6586
5975
8120
7132
960
1780
4387
6965
7709
3349
426
449
4599
304
5720
6666
3045
2563
344
3323
5507
4361
6845
3483
4444
2948
6392
7770
2427
3014
76
7161
5793
4777
2974
97
5564
2803
5841
6011
6412
6649
2922
166
7234
5119
3813
7944
3099
4365
1463
249
6447
5040
1259
3286
1731
4308
2405
7006
7383
6800
3941
6754
755
2384
7060
2509
2731
235
4893
8098
3820
542
4684
7867
4308
621
1927
1402
946
1163
5056
3014
3462
7100
4233
1270
3838
1670
1558
239
117
3649
6010
4152
3202
7112
4812
3874
1892
8042
2128
3267
6178
1046
6546
2693
2114
2492
4101
1761
2574
385
7402
3119
1320
3056
5142
633
5237
133
197
3725
3082
6009
6525
1627
4530
7162
2327
4132
5047
118
7425
3103
4293
1378
729
5069
5897
5303
3912
4526
6785
3317
1891
1662
2683
3490
3291
1379
6142
5432
7434
7444
1852
3201
3472
4528
5517
5392
6231
4414
7591
2360
8112
838
2320
8010
6619
1472
7436
6313
5232
1792
3173
3975
1114
4024
7989
870
7309
3363
2462
6846
7247
2659
3506
2332
1975
5377
5451
4202
6792
7343
358
4693
69
4251
5198
3965
4941
921
3775
7069
5229
4880
2839
1310
7697
4958
2769
581
2726
2084
1071
7782
4363
291
2315
3317
4930
4408
679
3439
5512
4084
1437
2525
615
3986
4202
3602
152
3460
7112
2965
5246
1936
926
3762
8078
6165
3448
7775
2028
5864
7046
1246
225
4237
1132
1951
5943
7006
1990
1561
7935
5238
7327
2917
3260
5978
5906
3349
4246
3861
5748
119
1054
1113
5680
3905
3705
3768
7959
2960
7952
289
6150
2899
2761
5791
3460
1525
5382
4590
1938
4160
1726
6536
7837
5037
646
2158
7146
4096
5328
5910
5925
4325
6874
539
6638
5484
2535
3224
423
667
2834
3729
6307
4057
7213
4292
1399
6143
632
1911
900
7739
3643
3954
6274
7307
4362
2949
2
5474
5135
5104
2359
7826
3200
6929
5217
3609
2541
1406
3482
7858
6446
3029
7889
5374
1731
6937
1730
7332
3204
5735
705
1716
4029
2136
4614
6189
5872
7338
6337
991
2900
930
1157
8102
6482
7795
7230
3965
4432
5664
2806
1305
6448
2520
3488
5730
2600
1886
2912
5408
1744
4585
4230
3791
7289
1317
2064
6045
5019
6898
235
6206
7414
3019
4629
3455
3274
3791
1660
5396
1762
7246
3536
8145
70
8093
3952
6848
1845
6936
2019
4482
1816
1964
4959
5774
5516
6769
6273
1638
6349
7335
1933
2406
6730
7733
268
2377
2668
3479
7179
7289
3077
2649
3126
2865
1365
1284
2188
5371
3949
7174
1507
5732
7980
1538
3268
5573
3334
5786
2329
1610
5760
5021
1311
5790
3457
3607
8081
5588
1184
5555
6474
4398
816
649
2617
8010
6130
3672
5156
4861
666
4627
5164
6983
2380
2980
1266
6572
6951
743
167
4295
8046
3710
6862
3241
6552
5656
5954
184
7278
4247
7314
5374
833
63
3735
3808
6775
4072
142
7224
175
4792
4525
829
186
5805
4987
1849
1169
5019
3733
2004
1390
2706
5930
4056
6911
6764
6597
1817
1330
6828
6229
7265
1537
834
4246
4634
6229
7978
1487
8116
385
5292
2658
4221
6828
62
4879
5338
1421
5866
5165
6319
5206
2817
7961
4289
6461
7494
6151
2706
4586
1078
5203
5656
1791
3508
7045
1773
1750
2006
2531
2547
5706
4079
562
5245
5731
1825
6797
3672
2421
3285
987
5663
4555
7658
3801
4270
5457
3779
6998
1139
4078
6002
7988
7274
2761
7639
3794
2504
6926
3156
7714
3887
2570
908
2795
6389
2940
747
1502
7220
1453
1840
6497
3789
7234
1396
1720
5589
7997
2005
7070
7466
3399
6146
2994
808
7119
4206
4369
339
7842
3363
5421
866
2739
3522
4211
4306
4630
5178
54
1897
7294
1209
2428
3551
6110
6198
6701
6116
4268
4913
2411
1231
372
2929
615
2273
6276
6363
2565
2075
5494
6099
3263
1381
4217
7444
3660
4516
5949
3065
337
1013
4280
1236
2033
6894
1117
4323
7150
1124
5039
4522
1880
667
5372
4220
857
6070
657
8053
3858
25
1511
7803
4972
833
1413
2058
5596
3771
3298
1507
2912
7348
4584
3548
436
8144
7486
4140
5126
7801
1237
4345
6090
8080
1175
7656
4774
4607
3112
317
802
6727
6895
5567
813
2212
989
7121
5836
8094
5858
6759
1373
3741
3846
4907
7852
2068
5363
4084
7371
7992
8128
1502
1938
3908
1130
4910
652
1717
4781
3310
4722
62
1563
7399
3419
1210
5556
4052
2114
5874
423
3545
6141
1950
5179
7361
5492
8173
6974
4503
234
3060
7713
7013
2618
2141
1577
3366
3145
6941
7764
2567
381
6226
3558
7441
3954
1000
120
3623
49
6133
4863
1612
7426
3946
883
4591
931
4198
7122
342
2992
513
2152
2767
6042
7026
2198
2137
7835
6022
5860
7042
568
7102
5037
4885
5851
6092
7432
2019
2288
6951
5322
6677
6909
2700
4624
6704
4575
3675
3802
6809
8011
341
6935
1036
4112
5178
3318
2488
7736
8009
4449
3201
3329
6155
5180
6134
7572
1283
741
4333
92
4020
3155
7091
3776
3893
6768
2402
602
1879
7291
495
3207
6756
4923
1958
5462
640
2810
4303
2198
5309
3563
2358
430
771
2413
152
4897
5197
5170
4799
3115
3375
2349
4137
1517
6087
7518
3094
190
3159
676
5463
6256
2429
7057
7235
3904
2142
5698
4801
4425
863
3097
11
2291
811
2162
6511
229
3802
2844
3015
8065
4316
7882
6640
7133
6977
87
7797
5410
256
5200
1883
5723
4583
2443
1599
844
6733
2875
8033
3034
6651
4393
6331
3587
3051
638
6558
2003
5870
1636
6876
7706
6470
7456
981
1925
6744
738
4080
5113
1689
6591
8054
3672
6241
6188
2083
1531
3470
6268
7975
66
2423
5650
7562
5830
791
5368
8178
7085
307
2481
560
3656
1997
4397
748
6584
3687
7422
7904
562
2331
1104
7833
2434
6291
6393
1286
7055
5616
6600
2762
2939
4579
321
6902
5144
4168
8077
7389
4368
8087
4476
5055
2038
3922
3291
2461
3356
852
3472
7253
6653
6983
1137
1978
2656
3866
8017
3460
3783
2413
3281
7083
3488
3893
1792
2486
4681
1313
1666
1941
7590
7270
1656
2429
227
7836
5360
5166
6651
5868
3068
3564
1987
153
5657
2421
2714
1365
335
1032
285
7206
2794
4726
5182
2078
5152
5649
5251
2736
5764
5897
3736
938
1177
7548
3531
276
1819
3423
2444
2972
7159
8089
4790
7263
5840
857
623
1600
4738
1815
4081
5019
6674
1230
7948
1549
2928
5641
7452
7179
147
3905
2604
2353
147
6744
1874
1576
1114
2000
1863
2240
1958
2234
485
8011
231
755
6028
5604
147
4208
3913
6963
6752
5812
7583
2900
3118
1703
5228
6441
2340
2662
7180
4998
1581
634
7405
4026
5760
4618
7061
7545
7753
5436
6966
1201
6334
6784
1408
4662
2830
5880
2714
3097
2945
3815
4319
4651
8021
2549
1778
970
1858
1784
7922
3266
7789
5792
3845
6619
1706
6686
1656
7889
5809
4579
2463
4996
5960
2330
7617
5368
6519
272
6753
5255
98
4564
6586
7756
2298
5539
804
2646
3675
4875
5680
4193
3664
3414
748
5047
5689
5678
7203
7110
2255
6640
7537
5314
1245
1285
4061
1648
4054
3195
7282
876
728
829
6887
673
2294
1391
1391
2327
5448
6632
7612
3720
6495
7985
6599
4506
4168
223
4868
2979
4544
3565
3040
415
2842
4832
1821
1199
2922
3662
3525
2677
8110
4227
4297
551
6182
4793
5125
7746
7538
7278
7379
722
4043
1091
5195
166
347
4391
5734
5800
7016
4338
5424
147
4831
3972
1048
8100
3214
4020
3848
713
6883
1388
964
2782
3704
7965
932
4061
6465
6836
571
2099
5063
1476
350
7119
5164
8003
5448
1273
1479
1612
7724
6558
3072
6179
3075
5642
5115
1144
5550
3296
7730
4067
4219
2183
5806
4817
2836
6281
3051
7246
6169
6698
1494
8127
5979
8047
7837
1439
4076
73
7237
5630
4699
3532
7438
2554
3454
2233
1888
2081
6298
6706
4893
293
4997
376
1759
2651
2473
3849
4043
465
3480
2266
7986
6385
7515
121
7834
4469
325
5756
5867
7341
3488
4771
4109
6115
4510
2018
303
2998
5650
3271
465
2161
178
7723
3495
4406
6038
264
170
58
1471
8035
441
4301
718
3082
3107
664
5292
2102
5026
195
5998
6823
4854
223
4561
925
3428
729
7843
8137
3467
3341
3548
5524
7637
124
1143
2399
4188
1168
385
4747
3674
4748
4273
590
3192
1908
1533
2022
6576
3210
6569
7815
3103
2852
4421
7634
1420
2539
3004
5249
7632
2181
7530
5297
3368
6120
3686
2058
5507
6955
7549
6885
7581
2804
2929
4146
5484
1045
6397
3363
7369
6757
7801
1594
5445
2432
687
7457
6589
3573
2233
4739
3990
6852
5870
120
1402
6643
7510
341
4450
5049
1928
2250
4897
1094
3155
6283
1730
4356
5302
4668
7762
1088
3998
2846
6299
1521
7175
3960
3575
7252
2457
7050
978
7100
7956
5164
742
2907
3168
6579
6354
930
4740
4635
7469
2604
7472
7237
3866
4612
4876
6858
5010
2390
3269
901
3512
47
1831
2454
6171
6967
5958
4823
955
7573
7151
8069
4051
4737
485
510
2626
6497
7846
1351
1078
969
7478
4915
5694
2916
1932
1868
8076
6209
5820
1802
6161
2589
6789
5306
1848
356
5894
1722
2318
2151
3577
7356
1854
3356
37
106
236
6189
4245
5709
1928
436
4957
6792
4225
5093
6650
4654
7801
6370
3361
2290
3540
1564
8166
5873
2516
8016
3270
7995
5514
5450
110
2311
3170
6511
5646
7661
6597
7955
1493
5035
3245
6304
2846
6426
4913
5600
4729
5480
7354
4967
624
6172
3784
5614
7932
824
1884
7679
2439
6422
347
4695
2847
5626
4536
4423
2450
4637
2649
6038
3377
798
2920
3303
8007
5881
4731
620
1336
2284
5080
6405
4571
2409
5407
4240
6186
4652
7526
1321
8153
6278
2490
6646
2929
329
3324
3166
2946
378
3169
7772
1504
743
5239
3450
6661
5993
7779
1775
7767
4702
3013
6036
4886
4892
7193
2967
6886
2301
6991
6567
4062
6228
3308
6640
4550
7241
3170
4634
1071
1951
5639
2109
5678
6458
2273
997
1979
4455
4940
7325
6340
4752
6939
2925
5087
691
7824
6141
222
3597
992
1307
6345
3261
6392
7108
7149
3644
2975
834
3058
5822
6432
5596
6599
7844
7568
1280
6637
2960
6041
2962
5533
4991
3016
4960
5787
4035
4478
7846
3644
3946
1771
6533
2204
1993
3907
1422
7608
951
2566
7366
4113
1809
1823
1122
3768
7397
6320
1434
4317
5566
3095
7874
2640
7560
3892
7110
2291
7591
4462
6131
3487
5765
347
6146
5364
6043
1433
3846
4369
6829
2233
3182
3652
234
3895
6970
2991
7025
4161
4973
719
3013
8005
328
4047
1917
6604
5293
2224
3999
4745
504
2274
108
2192
5986
6030
8154
6580
3878
4896
2211
5365
1531
6653
1329
380
2878
2958
4149
6425
5877
3344
183
1694
3975
5861
6611
4621
626
6176
2532
1753
7886
4179
3916
7691
5337
2934
7226
636
5548
7822
74
5188
783
3445
4074
7707
2846
7371
596
7379
2769
2331
4989
25
7996
4467
4739
4673
7683
4036
5997
754
4198
4688
5873
6209
1691
3592
4115
655
6252
4530
4015
3859
1200
6461
4337
8190
1932
7095
345
1005
1205
2734
1684
3991
579
6590
1445
3380
5115
5347
7789
3013
747
6336
196
7826
6740
2247
4613
7909
3554
6955
7873
16
84
5366
4900
7424
2280
2636
212
7567
3218
5047
7364
4354
5363
6397
5850
7148
100
4863
3490
4300
605
3719
7227
7362
2887
3313
5169
1744
5870
3402
5529
6121
3983
5125
4409
746
6118
607
7007
4020
1865
2501
5468
2655
236
6109
6687
3592
7764
6971
4204
7747
7986
4687
3857
368
5222
497
1264
7058
3110
7024
800
1702
2202
2939
6930
7868
3492
2672
5207
3349
4694
3639
5393
6770
5851
4904
2435
5020
7916
1784
7049
6995
2123
7849
1293
4629
3336
4470
563
3015
1536
398
1734
3298
6760
5474
3326
6282
1968
3173
1820
4082
1256
951
7365
2984
7250
4583
3869
4759
7324
7825
6953
4709
5919
7538
6887
1420
4340
5503
5031
6176
2789
2188
7461
552
5495
5755
1557
3250
7299
1499
6394
4784
2932
8133
6229
2037
2066
3898
4284
2428
1867
5476
1464
7666
694
3764
7652
123
3550
5281
648
6975
4260
2227
4589
6230
268
5297
4403
4633
2704
641
4668
1824
141
5582
5065
5097
5834
3054
973
1866
8107
3779
6418
2609
6025
2201
5496
2757
7259
3779
2428
1193
6005
1218
1610
5398
913
6713
3458
3311
610
1082
1660
4235
6400
7151
2852
7967
3896
3578
7127
6463
885
3293
2314
3374
1002
36
6517
1397
1345
7930
2835
1930
4484
5708
4787
4363
8103
1907
5281
632
7649
5069
7281
467
1948
340
5033
1853
6116
2406
2671
7441
8150
3350
2238
535
5525
7772
7302
1784
5927
6911
5795
4804
6216
7291
1173
2085
5352
1114
1739
6819
3145
2633
1229
5173
4407
3296
6100
251
4166
3896
5108
5923
6969
3122
3319
7637
5775
2076
4174
2099
2648
5240
4323
706
8173
5190
6792
5357
31
3853
1202
4208
2176
5442
5177
2121
742
6876
3709
4497
7469
5504
8073
873
4264
7462
489
2759
6773
4663
5807
1264
7664
448
6313
4003
895
2624
3341
877
5537
3492
7055
2893
3590
5965
7823
1263
1666
18
7109
1193
3090
5697
4522
7307
6942
1068
1489
6632
835
7648
6488
5537
1593
5194
6241
2442
2862
4091
6811
3003
4979
6612
3865
2236
7289
4570
5293
2319
3638
7232
4314
3932
982
432
2589
6790
5170
174
6610
4577
6517
4253
218
1410
256
7713
287
1097
2894
6411
3124
1046
5915
7096
2293
6295
8114
1989
4927
2970
1124
7049
6074
5289
3574
6126
3074
3870
3848
4317
4417
3771
2443
4512
1340
988
7025
376
4009
2219
6152
6316
3275
774
3580
2074
1534
7464
6901
6724
3287
6308
1724
4832
4977
2171
26
1838
6963
7597
7237
2789
3325
833
1639
5732
5661
7833
4511
6136
3407
2256
2299
6905
3067
6554
4069
2957
6366
4023
3033
4817
1942
7705
7156
182
2988
2512
2491
1178
6717
2337
7471
4809
50
3928
7322
7223
6528
7531
7044
1774
594
2570
7069
6289
7389
4794
1503
8174
3376
2694
5858
94
4248
3443
6714
4462
244
2201
816
4552
1023
2839
2449
4226
1872
691
906
1442
157
654
3569
51
54
3806
3276
1259
5453
5276
619
5369
5387
6330
8037
4713
722
930
6825
1618
3691
4092
7261
395
1217
765
6430
285
4797
4553
5763
6270
278
4504
1142
7464
7047
3170
6598
1433
5482
6571
6467
7636
6142
1362
1314
1497
987
6261
6980
5200
125
6011
3809
6229
2039
2996
4999
6469
2055
299
6926
7329
525
3875
6616
7599
7701
7248
995
4040
2094
2590
983
768
1520
4205
1555
988
2385
1990
1717
1916
3366
5490
4038
6248
7295
1520
6517
5201
279
5995
2596
3315
1916
7757
459
6452
587
7497
2989
4153
7829
4326
4631
7394
7123
4304
2291
478
7173
2235
6768
2064
7986
5337
5364
5975
5455
7814
5916
1674
2085
7378
5394
7662
6952
3296
2776
1040
4921
97
6923
7281
7418
789
3293
1811
3080
820
6237
2634
7469
1534
123
3646
1078
6688
2664
888
5503
7925
4683
6701
2679
7861
177
364
6802
5079
3164
2223
3437
3596
5563
190
4362
5970
1871
2590
1125
2344
1498
228
4259
5351
805
70
473
5585
5364
172
1326
2564
2710
1755
2126
3658
7844
1654
1221
5737
2013
4209
4237
783
4465
5439
7363
7599
7929
2988
352
1082
6131
4155
5155
651
1116
3597
7008
6599
415
3650
3215
4980
918
3319
8115
3810
1293
1750
4681
7577
5038
6267
7100
3883
2363
6728
1545
6296
1703
6871
3575
2402
4275
6823
1875
1010
2465
5205
1813
6885
1825
4677
7126
2069
166
8049
731
109
2215
2018
1216
2265
3842
8135
2742
7516
4537
7194
6011
5194
4961
6796
4632
1462
3078
3913
5918
2740
4351
5978
7767
4879
7856
4485
5927
7853
5851
6671
7374
7900
5478
5977
8107
4554
3485
385
4180
3544
6969
1102
7138
188
6947
6077
2506
5100
4897
2682
1328
4503
2363
159
306
5104
2013
878
3661
6907
2524
879
4336
7889
8095
7750
5037
1666
8147
6948
6631
5070
5356
1518
913
6701
3480
4199
1953
128
1560
7078
2459
3753
7485
5269
3991
2098
7334
4636
2791
3904
1302
829
2019
572
437
6738
519
5017
7173
8155
5626
3786
5068
2109
7105
7191
4895
5465
6677
614
6544
1110
5046
3262
4608
7063
4504
3757
6561
459
6064
709
2643
7448
4442
1806
5126
3489
7603
861
1251
2996
3282
8176
4754
3976
3573
5422
4730
3252
7826
356
2456
3064
5418
4464
809
3496
7425
3888
7560
65
81
5476
4343
21
8163
6286
2220
3054
3183
6779
3771
6824
3869
986
7423
6486
6926
4238
6422
4
4909
6950
649
1316
3852
3428
1520
4578
5121
3286
7406
2839
7457
2006
3363
4342
108
6754
7903
6407
601
7149
197
2146
3011
3728
2389
756
975
7226
224
1793
1640
5950
1804
7100
7016
2039
122
5006
4957
1382
4556
3230
1621
7282
3525
5359
3685
2327
7603
4494
1821
6833
8182
7650
1717
3817
4738
767
3592
628
3371
6924
1998
5542
890
7702
164
5615
5421
7849
4035
5237
4019
730
7274
5770
8173
1783
2047
5277
6168
1498
605
6113
5635
5464
7971
1216
6101
5500
4318
5793
7573
854
5665
6687
401
6081
1430
1766
2458
5023
6211
7672
3606
7139
7032
929
3625
2860
4103
3591
2445
8081
3591
659
2325
2957
2476
456
1384
2164
7816
7150
3862
2974
5147
3643
2122
3456
6922
7774
215
7533
8123
5791
3889
5525
6746
7534
5760
2722
7516
6915
2301
6585
3640
7716
2513
6957
7954
7100
6097
4215
559
4467
1866
4061
3066
6550
1921
6527
4228
3009
5359
228
6805
7988
2523
4445
2859
1785
1885
4882
54
4154
4319
1925
3220
4444
6030
6604
5428
5917
3982
808
7279
930
306
4530
7466
4848
6282
1702
6985
7812
5934
409
4389
7675
7219
4434
1972
4927
3026
1171
4695
6215
3317
415
5499
3069
33
1807
5084
10
248
8082
1790
2344
3844
82
7094
3721
7371
3173
6942
7826
7225
7579
2583
3759
4687
7781
7867
7151
4005
7091
7036
6264
5935
7566
4504
6756
2363
2000
1029
5826
74
1245
2826
7930
1662
4160
5458
826
1502
4133
7566
2032
6395
7380
7947
1907
5106
822
5277
4041
2078
5438
5207
5844
5277
7462
2986
5658
952
3014
6718
844
5400
7422
4368
1706
462
2658
3160
3094
7605
1410
2543
5543
1609
1291
2411
195
207
1525
1110
4177
1473
1381
6280
4697
6816
4370
6650
364
7478
3306
5152
7607
188
1995
6864
4292
6417
4515
8180
6277
7507
334
6139
18
416
1627
1500
2870
1289
7975
1449
7273
7624
1400
3351
1956
7393
7844
4241
3598
997
7928
4086
4920
6459
5599
670
85
3700
1198
6072
281
7566
8076
7170
4222
2511
5728
2718
7551
2998
6211
7650
405
1994
7647
354
3905
4137
1442
8048
458
1434
53
8100
5778
1945
7242
5439
4443
1538
7508
2446
1489
5838
2499
5551
2397
1646
5779
4971
5533
4469
3735
4697
6017
7255
6519
1014
6881
4130
7883
5588
1756
5880
6170
75
6515
7659
3618
6503
5821
6670
1912
4344
897
1195
6009
5359
6430
5559
3843
8007
6901
6749
6970
5051
4274
6271
4816
1468
343
2927
4009
3974
3012
3760
3713
2863
7406
2541
4283
3931
5445
843
1596
647
2727
405
981
5267
3263
7372
3516
3135
3600
1208
1642
7096
2190
6660
398
3718
2557
3686
3159
2786
6887
1246
856
5241
5275
3621
5683
5746
6663
4680
2611
7758
5057
8163
5717
3298
434
7821
2908
1307
7973
5174
1669
134
6294
7736
6245
6490
6067
2615
1602
5393
3294
4955
669
4905
4485
2547
4750
1726
7097
3279
2859
7171
7998
2753
2845
496
1077
7487
3734
7997
8073
6774
5501
4499
5714
4314
443
163
469
4093
7075
3633
3805
4271
258
861
2046
1216
757
901
4971
3384
4289
5830
5750
5285
4410
2118
4856
2776
8007
6358
3964
1125
4606
123
7071
6375
7702
6221
8080
6798
8007
4057
6391
7919
1991
4380
7580
5265
335
7572
7631
1935
3985
390
4327
6930
4931
3343
829
1731
1504
2110
6416
4722
0
3501
4990
485
2707
5914
694
916
1120
7760
4866
1451
2192
323
4246
6139
6419
4879
5557
6927
4030
5344
1976
5803
3062
3891
3174
6484
3465
4278
2261
6799
5327
2552
4765
2926
8152
7635
2357
2688
3251
3961
4643
4501
6452
4756
4328
6146
2023
1747
1062
175
5363
5273
8100
2859
6774
420
5660
6285
2773
7363
5394
2164
4073
4926
4799
2885
4520
154
7671
6915
1722
2622
2605
4920
6840
6556
2283
2284
2802
7338
1984
914
2695
3382
1189
4611
4773
1995
3391
479
1699
4476
7270
7438
3457
2065
4501
7149
3358
6187
5129
6509
8097
5829
7211
7731
1890
6189
809
7282
806
1755
971
3785
2750
73
3367
7474
4231
5637
3582
8088
207
1877
2629
6073
4856
811
3695
690
7287
5514
5217
7188
7174
7163
3783
4197
1521
1329
3636
6991
5563
5136
3587
7740
4636
3018
2305
5012
8132
6615
3961
6685
4962
3727
4940
6268
5703
6113
5684
4547
185
3385
4970
6328
3441
850
4968
2509
3858
4946
1970
961
3662
6591
6192
2994
1697
6143
6265
3434
1255
7907
1438
6233
7130
6230
1937
5865
6891
2300
7267
2097
6413
4187
3695
3535
3039
7721
4990
1992
3971
7636
968
622
375
2048
6455
4719
1387
5772
5061
5790
8190
1104
5315
4218
3777
710
324
4019
5609
2614
5434
2986
3103
5150
4259
1753
2251
7902
2430
3170
1758
2104
690
995
7882
5172
2285
1213
4979
8033
238
7022
5967
1594
3556
4960
59
491
7053
2381
7143
1782
5013
4192
4079
7994
7530
7220
5889
65
2340
3368
1847
7454
7594
3807
5600
4094
3149
6481
6626
3600
4674
1518
7399
3162
7826
2686
2614
3561
3259
2927
4260
2867
7313
7860
5525
3676
1318
4445
293
8151
7356
3953
2261
7895
8143
693
5622
7806
5606
1176
4987
7426
2170
3036
2378
5521
6311
4258
4908
6259
1900
4404
7691
555
4983
4851
4356
7859
5539
5038
2947
2976
3374
4418
6658
1607
4277
922
69
7956
4969
1207
4549
6677
7225
6303
6916
5651
6501
3711
5640
7732
4345
3982
7139
7856
4713
2721
2796
425
5489
5874
2396
4687
2271
4594
7610
425
1636
1700
3025
6151
3247
6982
1474
4237
2786
4602
5733
2150
4910
7614
4534
6923
4458
3793
3087
5252
114
36
7366
6563
3993
2073
6962
4625
2545
2605
4078
7631
238
243
4072
7214
6789
1793
5595
4145
7475
1506
2538
2864
4606
2210
999
4730
2796
8102
5832
2223
856
5735
5399
6491
3018
139
648
4136
2462
3612
7120
3483
4452
1236
3507
5127
3923
2444
6413
364
4504
425
997
7426
738
1034
7273
1967
3332
5694
7728
1216
902
344
6267
516
1575
5308
89
3685
2940
459
2451
3101
5077
5511
1897
5988
511
2559
5777
1456
3703
2183
4335
769
5261
8021
5593
2025
7375
2838
2294
1253
4385
2506
4635
651
3980
1928
2149
35
1004
5914
7233
429
3612
6607
5824
107
7573
6877
3162
1251
1172
2980
4161
221
8014
8039
5401
2908
4500
584
4858
2965
4364
7299
4071
5958
7
5665
1895
5515
7675
383
5554
5576
8129
3725
5765
7313
6713
47
435
2637
302
3620
7520
2253
7557
3680
5552
6114
7205
892
5536
3785
5793
2766
4381
1365
1434
1279
7156
5833
6954
5072
1768
365
3118
4237
8038
3096
3206
4149
4773
3825
5809
588
7537
2882
3711
6092
1524
1275
1619
4000
3254
7557
6964
726
6827
1588
7695
2221
5892
6472
1749
1771
4161
4984
6993
425
6430
2394
2518
504
4359
27
5090
5357
6246
6830
429
471
2324
4353
6718
2314
1708
937
5655
5207
7091
8154
4422
3592
7133
281
4823
4001
2901
5478
379
6200
3875
4389
8129
4878
4144
6584
1807
4648
7323
8024
7172
1362
4195
4030
6532
606
5429
4177
8063
7836
7717
402
7020
3674
3906
4809
7760
4467
5366
2343
6453
8016
5527
1761
7559
3176
4085
5950
448
79
313
1302
2419
3993
1318
4706
7030
6296
3239
1710
1175
2908
453
3526
7717
5236
7452
4797
4179
5175
2434
215
5479
8109
2068
3889
5058
6333
5864
2886
919
4624
3188
7768
6209
5884
2914
7421
29
4490
7127
1754
817
6975
4207
7992
1805
6533
3661
6790
61
1487
2518
488
5142
2809
2691
7522
7425
6239
540
1441
6976
2159
926
28
5539
2706
5140
6760
8134
5484
761
839
5592
457
6852
2473
4646
5936
1546
1075
110
7458
6440
1171
2915
912
6409
4406
1661
7170
2210
2150
1750
5283
6752
1239
550
3419
7049
3474
3675
4653
205
6566
7569
5634
547
5108
7495
6940
5644
2767
480
3920
6640
4364
4638
8042
1002
7976
957
2262
7356
2601
4503
5118
654
876
3604
7364
2390
8188
3530
4926
1336
545
4764
1883
5919
2616
3025
2383
2800
3100
1581
1515
2243
4879
2960
2050
4793
6494
5315
3162
4266
797
4153
5033
8053
5814
6034
7521
4296
7213
6815
7769
1020
5831
2338
892
7931
6233
8096
4958
1132
5162
522
22
1701
7829
719
7027
2341
3628
4819
582
3345
5973
7327
852
7572
1700
5307
1586
2249
1268
6809
3812
7615
7866
3532
5676
2494
7719
6148
7806
5603
2519
7558
8086
3141
3446
7
8088
8145
6575
7690
4996
2230
6563
1735
7685
1312
6677
1315
708
6285
6315
4890
669
6750
4170
1417
204
5255
6663
5433
1767
3207
7762
180
8055
4253
6141
1590
5255
1518
6950
4238
232
1531
4711
1096
6139
7746
6373
2246
3177
1990
2128
2401
2935
2749
1823
7126
703
7116
1591
1592
7468
6262
6617
4469
4072
3312
1729
961
6388
6523
5107
788
1496
4346
5059
7792
6688
2104
6770
830
4951
2709
4662
7355
4734
6952
2918
7324
1499
7406
3266
4609
5991
7799
1946
6988
1951
2746
7199
200
6341
5246
212
792
7285
7068
4300
6694
4531
6169
6335
1296
2180
8007
2952
6169
5570
2173
142
351
5021
4762
124
4386
5840
2435
2233
6090
2043
2402
7859
1046
1786
7752
8039
5437
3766
1099
5744
569
274
5864
2272
6563
734
7734
6050
8017
5029
2200
2836
2422
5556
6260
6178
2047
345
856
3869
5688
5674
6582
6539
6566
1009
5637
5286
5902
4684
286
7368
5550
4520
1100
3285
7859
6892
4104
2499
2224
336
2194
2725
7296
3827
1068
3733
1674
1605
111
1506
793
724
855
7535
4754
663
4203
1165
784
6946
3273
806
1631
5061
8169
210
2347
2066
3435
5221
5345
4370
5557
1787
5490
3237
5765
4807
1743
3793
4530
5247
3466
858
6684
130
3794
3991
7941
2283
7453
688
5401
6941
7372
4214
7519
3946
2553
7325
4990
962
7449
63
3836
7487
1205
5854
6802
1158
3153
6425
1437
1064
7320
7281
3902
3896
4867
6391
7547
5537
7008
2528
7220
341
5933
3177
3859
2867
159
6824
2291
7602
2696
7783
7773
6702
5176
3538
3088
1211
3554
7394
4808
4270
2212
784
8038
2010
6309
5461
2601
3096
2834
8058
7467
4448
6623
1353
4471
5063
5073
4304
4908
73
287
2789
3087
5790
1227
5812
3114
5752
7302
7228
4734
6618
4045
4380
5882
7128
1925
7619
6714
1648
3285
6744
1853
2206
7153
1528
2551
5672
4012
5224
3110
2867
5162
1889
6271
1891
5372
3801
6469
6422
2878
3831
2607
1081
7157
7506
3392
7265
6963
2910
642
918
3256
4832
6423
7483
6206
4738
1709
2906
577
162
3115
7933
5622
4144
5215
5716
2836
7231
7640
2351
3289
5540
1438
1496
4898
464
2887
6613
6632
516
6976
3532
6571
436
7626
3593
2710
7
7233
4823
1657
2684
5630
8174
5520
3036
3459
1080
5513
7269
4302
105
8052
7784
6098
5463
8016
4819
6283
3209
464
5972
3367
7414
1358
8185
1654
924
4626
3555
5195
4868
7595
5365
2961
215
4213
2106
154
2493
5342
2194
1160
6350
1768
7512
1177
2498
1781
1359
1542
3678
5878
4890
3234
4735
423
3415
2702
7379
3925
1956
4780
4643
4140
5091
2443
68
1439
3126
546
6869
5789
1810
5790
624
6255
7445
4359
1767
3428
500
4825
1343
2839
7832
4333
1749
1619
1635
5239
4335
3351
5094
8157
1205
4991
4026
6534
1288
5685
675
4296
7754
3145
7590
6872
6156
6801
351
4167
5438
7655
5833
6687
502
3649
2360
6053
1216
7057
3876
4839
282
255
2441
318
7554
2191
8155
6998
3334
2669
1082
2179
3679
6018
4213
5387
915
1323
4728
5280
95
4633
442
3670
6257
5792
3555
6819
1530
1741
7337
3258
1677
911
645
212
7671
5027
1932
5279
7616
5112
779
509
6421
1429
8130
8167
2139
5673
7281
7435
5591
6130
3402
1293
5920
4884
1181
4841
3059
5365
8021
1754
4277
1047
6588
5795
2250
2806
2676
1652
1063
3066
2619
2495
2126
2458
3666
6355
1727
7597
5237
3623
5547
2094
679
1726
6828
978
3377
3981
3801
6495
593
5247
6638
7897
7621
2189
7841
6813
5337
1508
6887
7701
2322
6384
1610
142
3904
4710
4208
5591
32
809
5769
2756
2000
3976
6281
5954
3218
329
5746
3696
1434
1902
6400
6375
7546
105
3368
2870
8029
5228
1515
2185
2025
7663
6509
5593
7702
5172
1266
393
4298
2821
2081
6727
2817
4055
7588
2002
3186
3948
5611
6349
1425
233
1150
4641
6662
4288
4022
4447
2950
1117
4399
7059
5006
6358
1994
7297
4441
7948
5568
4361
2422
3055
4698
1542
6273
3185
1686
5134
4091
4915
1494
2697
8163
4738
979
5521
8
6338
7248
2073
7155
949
4501
4193
960
3830
3298
2092
6778
6276
4378
2703
6521
3568
5158
4425
3037
6673
2580
4548
2093
978
599
623
766
3383
1386
3762
3229
7353
6987
102
3332
1368
7942
1292
312
4212
3330
5259
822
7128
1712
360
898
327
1559
3078
5496
2163
2890
4633
6628
6548
5932
3939
4068
971
1285
4946
7687
5303
7863
4803
6929
7192
3235
1976
1644
4621
3490
2502
3304
2965
6791
4224
4888
8027
3498
2164
7555
6303
7700
2601
744
6566
6811
4245
931
7358
7931
2150
4970
4137
1697
1116
4830
1132
2559
2696
6054
6291
4242
1780
3540
4893
3134
3155
3783
3044
7988
2743
7278
5597
3248
1344
4971
1616
1528
159
8183
5801
3889
2468
1097
7376
735
4201
4879
6729
2390
1089
4876
5761
6938
621
3108
5971
4055
2804
1398
5014
5792
712
6469
4469
98
7700
8107
7848
5454
2826
1071
82
6147
1478
48
7716
1676
7252
5715
7981
5856
1827
6930
2987
914
1185
955
423
6518
215
6434
3413
4926
3734
6699
3316
6140
3640
4634
3101
2997
260
2577
6447
3332
2175
7993
1352
1542
1258
7946
923
1246
5860
2968
434
972
7344
5752
5013
7485
5001
5595
431
2043
2794
2670
1368
2730
5678
2092
6614
446
575
6645
126
2636
4297
5294
1888
3292
3118
6264
3631
4437
965
4604
1393
6930
5407
615
1075
3630
4663
3088
6349
2677
3011
5451
2082
1098
428
7777
3373
6263
5339
5940
5371
5327
2254
7584
7549
4040
2590
1063
2215
5828
7546
4112
5874
772
551
4329
2438
5515
5548
6823
7077
2267
2763
7867
8035
3752
4301
2827
1313
2322
7355
7658
5584
5019
6487
6835
3343
5463
2245
990
4226
1829
5422
2149
6995
4381
4825
6780
5977
4135
4416
5101
4326
475
1289
5925
1865
6376
3678
3018
3757
293
2340
7771
5877
1033
1209
5976
3364
7477
6441
216
5766
6148
6969
7946
6713
1034
6348
1343
4453
733
460
8022
5484
6123
7172
6881
7548
2015
123
4754
4294
3046
5639
2389
1846
2364
2685
4000
6605
4648
5098
5855
5931
4143
6388
5726
1630
4224
5051
358
2380
3033
6100
1364
3404
22
772
7733
1299
4561
715
4695
6450
6070
1260
4307
79
6923
7168
266
3562
6873
8138
5139
5402
5824
3004
8043
3800
3721
3939
6263
4076
7299
3863
4033
3530
2550
1980
378
5695
7464
6430
2829
25
5671
3283
4115
801
7349
5764
6751
8066
4535
4971
1252
1437
3856
5477
890
1455
1353
577
3106
4442
7108
6679
4244
5931
6674
7523
585
4590
3551
5344
3397
1326
4409
2839
4633
7513
3662
6617
3108
2369
1589
2807
5351
5399
1158
6002
3569
3184
7427
5343
3108
5345
2757
5090
2645
4483
6316
3119
2057
4940
7827
1353
7655
1624
2006
1899
5119
5751
4765
4882
4715
6138
7257
6864
3824
3719
5862
7443
5596
6121
8152
3825
3438
3360
7265
1570
591
6717
372
629
1510
1732
3926
6981
4998
5525
1202
7638
5090
5204
4747
1468
6985
8065
4423
6227
2424
3416
3856
5760
5108
4638
8063
4381
6846
726
4057
1680
4689
6422
3917
7198
4404
1666
5105
3412
7836
5826
1383
6590
4759
4046
4608
1597
1418
3862
4883
659
5968
7504
5415
5509
4428
2875
7714
6614
201
7840
327
812
1994
7906
6300
7130
5302
4034
1547
764
4990
4477
7786
780
2580
323
2585
4486
6486
4559
7281
332
5850
6488
88
2106
6314
6485
7072
6312
2146
5176
3701
7777
5898
595
6890
4190
7606
6523
6461
4934
4400
147
5614
553
5459
4418
37
2806
4291
5422
5318
4077
652
3507
3497
4311
701
8171
1606
4123
1903
1801
1124
5921
7234
4188
3235
7703
7553
6790
7644
2088
2488
913
2461
2837
5355
3131
5566
7978
6378
5020
5048
1042
1510
7751
2840
3618
1797
4677
1110
1677
5368
7647
2223
3824
7513
4859
3019
269
1326
6822
5291
6632
772
2253
6133
445
4009
4013
2523
6241
3985
4954
6759
7477
5704
1182
6640
2256
306
2379
5340
5055
3736
2264
4461
6729
7157
2465
5876
2110
4210
3646
6641
7294
4653
1798
6111
5500
4885
5487
6729
6228
7234
5402
2286
7622
1994
2918
7971
5250
4527
3539
3835
3480
5507
7507
5987
6209
6975
108
6053
8042
4108
5015
198
4110
6128
3929
6945
656
8141
669
2203
5994
7496
143
8059
5269
5392
2745
4051
2649
7965
1549
2759
4563
5547
3459
843
3493
3855
5623
4657
7525
4556
7538
2490
5280
546
7789
5763
1230
2664
1226
7540
7722
4855
7056
6363
2584
1463
7766
3376
3653
5294
3856
3726
1569
7898
8080
2668
1969
6935
3041
4038
2313
2377
6480
1440
6926
4614
2115
319
6290
5757
8027
3412
4791
389
2119
5689
1918
7412
14
151
4369
1204
813
5426
6896
4222
1119
6628
4842
7679
8096
6036
371
4837
4089
1648
2415
6426
6070
419
8145
5238
8082
6475
3920
3498
3077
5997
6660
7852
6384
6553
4425
535
646
7216
6084
5183
3618
4084
4093
4987
2137
3016
1491
4785
4425
5271
2794
7174
107
3551
6738
1882
5539
7585
939
1723
5306
5033
1471
1995
1276
1109
4179
6244
5211
2120
2771
833
6204
6657
5127
5028
2267
1025
658
6951
1761
3280
1220
1410
7827
998
483
2569
521
5308
641
1175
3223
3737
7295
4617
1501
5651
945
8029
2168
3251
925
4774
1326
4416
1411
887
5820
5807
1460
866
3539
6868
2891
4461
2859
884
1926
5802
1252
6916
5415
526
3035
348
1461
49
5259
1883
8146
5756
3672
5952
6622
1313
2031
4286
233
514
4900
5133
6371
394
3782
2151
953
4787
4907
6849
6087
1942
7188
7607
5746
1394
6520
6937
489
5458
602
6497
1291
386
4935
1554
2328
7099
4380
7246
3360
1287
2199
5921
4528
6846
7680
6960
1636
143
5135
4834
3115
8093
1700
3243
3127
4669
5870
1294
616
4814
4342
1257
374
2869
3196
6723
3663
7487
2966
7179
3937
7114
3657
7901
2322
1231
2881
3515
5394
3128
4758
5506
4647
1380
5005
3920
1056
168
4804
6174
8083
4704
2598
5396
2938
1477
5402
1140
3753
5866
6309
2791
7826
5205
3977
3999
1901
1472
1043
2336
7908
3002
7882
1520
5371
7490
620
6823
1320
5314
6334
5960
1689
5489
3205
5954
4461
1718
6132
6337
1829
7646
1556
2135
337
1296
4918
7159
5161
3171
6464
1959
6487
1498
6445
7852
6417
2480
5930
7235
3870
2548
4092
8089
7123
1324
4185
650
2441
5569
5952
537
4827
4722
5223
2440
3083
5152
1579
2021
3340
468
4547
6539
750
6874
347
5023
4041
7592
1207
7300
338
5293
4075
2288
5323
6543
7483
6465
6094
5287
3899
4995
1227
886
221
7350
5195
3084
4163
6838
4982
1511
6978
7050
4169
4104
7662
1719
4208
3049
2255
2610
5003
8012
1207
4061
3821
5923
541
606
5843
2523
8181
3122
1926
434
17
1049
4170
6017
7692
7444
6264
5173
604
1733
3381
2623
2970
1658
5028
5530
6136
5089
3043
1781
4586
2873
1232
4420
3926
3387
3482
5600
629
7848
3534
1505
6820
4238
6852
2022
551
4022
3465
7365
4491
6819
4647
764
2888
2929
804
5819
2290
6081
4768
2457
5811
6175
4131
951
4309
5619
3629
1975
7196
7948
2477
3087
4105
6371
4684
3166
1276
538
4302
3104
7842
3330
1965
402
6512
7259
8068
1223
8084
482
3450
3555
1807
7938
4700
1658
3811
5313
2974
4739
1492
5723
3254
3911
7830
627
7688
6328
8125
2052
1648
3136
5287
6528
879
2831
5024
2551
6278
6340
5455
2730
6127
5709
3031
2664
2981
49
5507
1956
7869
6218
428
6776
7568
3420
6047
7424
1817
6293
3444
3748
7576
6673
7484
2691
137
270
425
5412
519
681
7432
5044
3049
2806
3750
7768
7075
306
187
8166
3346
7386
4148
8101
1835
2450
2025
871
6567
6824
6508
3184
3919
6676
5431
3034
3508
6489
916
4493
5094
5731
5396
7997
5633
2435
1483
1108
522
2124
6321
1077
236
5778
6774
3347
4035
5437
5398
8038
4616
3623
1713
5439
7512
4862
5713
1974
5649
5978
3276
3975
3934
2620
4055
3672
267
3357
1156
1940
3747
1160
7492
7136
5582
1116
1978
1468
2509
5685
5335
535
1183
2520
4678
2961
5424
1680
8009
4075
2980
3767
6558
2040
6670
7373
1179
1086
3853
3637
1763
1328
4179
4897
7627
2425
1161
3525
781
747
7409
617
1947
5762
3109
2936
1775
6962
3632
1595
3078
4517
787
2513
5012
1796
2281
7587
6018
3682
4471
7774
6120
4741
7641
3378
489
6531
7397
2000
6119
1814
4832
6319
7942
2347
5536
3043
2043
5254
5387
894
6812
7196
5869
5485
2719
5670
7393
4641
4585
708
644
4499
7695
174
6958
5280
3628
4329
3023
145
7258
5219
4561
4602
1252
4939
2816
7318
2411
2106
1615
7625
4433
2148
2627
1159
6012
60
1165
471
4685
979
7142
2044
6697
515
2382
5045
5478
1392
839
1242
5951
5592
3049
5172
2286
6192
1764
4060
8173
80
3636
6340
7611
8121
7366
5859
2685
6406
1130
3475
7954
5773
3369
471
3138
5100
7608
91
973
191
1473
5142
2449
6836
360
7445
3146
6668
5888
7566
3849
4124
2001
5931
4581
7840
6055
3004
1197
566
1015
1244
432
3703
2539
6449
6555
5406
443
1337
428
5590
5295
4388
1559
4232
3910
4768
2639
384
4378
5605
3278
3534
7149
6403
5187
6146
2522
6171
5428
4683
2655
207
7653
853
1778
3122
6961
4796
3655
3567
6115
4622
4122
2726
2171
6735
2975
3539
3323
7963
5890
7011
7533
6663
5656
966
7409
2630
4235
5744
350
5769
1520
7277
3175
4887
5967
2745
623
7190
7737
4920
5704
6149
1971
3981
4897
4764
5146
5624
7528
950
1201
7216
1302
4110
5665
3227
7401
561
1351
5022
837
159
6216
7976
4843
4310
1140
666
2931
966
8026
5040
1177
292
2681
440
4201
1473
7075
5447
2937
7249
3457
2339
5170
7168
5909
5903
5826
1010
1514
2463
5978
5286
3814
7223
5876
1391
4563
7172
6977
1474
1403
1734
1640
6185
735
2579
6036
3611
728
461
468
6302
1585
5
3355
4132
435
2844
3065
3753
7080
2532
2722
7662
949
6187
3414
21
3549
4128
4244
6586
2191
7119
797
7001
3406
225
3002
669
595
3310
8046
2792
1366
6884
4701
5833
5164
4429
5001
4253
2253
5383
5052
2272
3767
4631
1107
4564
3304
6385
6970
7471
6881
7483
6990
2987
5815
7922
4730
187
7341
7362
1463
6585
4214
84
3651
1083
4610
7421
5902
4666
2032
7260
3502
6006
5299
8191
4918
6919
4647
2410
2793
7115
788
17
5730
6016
607
2791
4588
7492
6245
7181
5334
1347
2076
7336
4191
759
2432
7982
1103
2381
3033
5186
4526
1721
7731
888
2066
8073
4489
1092
4537
77
239
5913
7608
783
4259
8182
3972
4137
7998
2708
2669
7915
1778
2266
2555
6535
2891
2127
3023
5428
8083
6887
1774
810
4347
4950
3465
8079
7578
5640
3167
4743
4131
5005
7792
593
965
13
1703
1100
5786
718
3469
5088
4984
2493
324
5751
451
4407
1905
3127
8023
6823
1600
134
1580
2225
4647
1282
1696
7215
6188
3123
1562
4007
6811
402
2645
7202
5400
3444
4829
4704
915
7951
7080
2621
5095
6979
773
5852
7298
7421
3398
295
848
6859
881
5045
2288
2248
4659
1455
4864
7177
3132
5944
6966
1236
5643
4990
6452
6587
4319
925
6033
5325
1699
6034
4813
6799
1785
8106
2413
3027
5815
1620
5017
3466
6834
1415
4546
5219
6094
6375
5585
7898
3726
1198
5535
6556
7431
7955
4601
2946
2295
1675
737
1852
200
5830
2783
5516
4058
4827
8075
1718
3151
4950
2697
5999
177
7695
6966
6503
1434
939
7668
1928
3651
5738
7982
5500
3842
7991
5952
1034
797
666
2844
6601
4521
1969
146
769
6986
4587
897
1436
3771
5180
2557
2066
2624
746
1033
6768
632
2176
2923
68
2651
1813
4926
3470
6842
1915
5121
2282
6325
5623
1336
2755
2807
1410
7451
15
1511
6819
6478
2894
401
1140
5666
2188
3896
7864
702
173
7540
4388
3119
5182
1896
4551
7335
5211
902
1130
3521
4991
1045
4697
3720
6538
6196
1503
4519
3437
8149
4753
423
5775
7576
5895
2942
5518
7430
598
5069
7093
2810
4853
3492
2550
2680
3191
7867
5678
6294
6723
6136
7711
4917
1359
680
1019
5998
5166
1010
5754
5694
7899
1748
5935
4715
4078
887
5861
5545
7419
3792
1990
3733
2456
7672
4042
7127
4114
1731
5773
7633
1488
3408
7909
684
5538
508
3235
4468
3807
317
2269
5028
5197
4925
1760
4967
2706
2728
5170
8131
3697
7508
4817
6620
4937
4748
2830
1338
7698
2241
3575
1178
3915
1916
6925
4032
1837
6996
1679
544
3824
1104
1398
1037
1032
7332
3631
7511
7838
1406
1391
7156
1011
2045
6191
6378
7335
5757
2742
4216
3578
4905
2930
1646
7353
3192
5609
7642
7900
851
5661
4415
3681
6531
1860
7283
6787
4100
4811
7334
7616
6916
3532
2034
6800
6287
8168
3819
6795
7839
5540
4034
85
7506
4746
568
5658
3385
7643
2042
2565
1349
3389
2075
2824
1471
5498
6287
8
5011
7740
2914
731
2797
7510
2276
6470
8185
8142
779
7662
2619
7972
1836
412
7071
3723
2953
4683
4000
2411
8002
5478
3778
7032
5932
6092
134
8047
4578
2458
6766
2997
5080
5776
8054
1108
5875
3710
1913
2743
2310
3396
7282
4971
900
3322
7051
641
6425
704
7904
7853
1839
6250
4073
7645
1863
3699
2452
3891
1044
4786
286
2056
4212
3511
2924
1825
3517
3868
5418
2476
1328
2961
1224
3640
6864
1320
7813
7060
7703
1323
6079
2162
1545
7961
7213
957
421
2443
7610
2361
6001
662
6515
8129
2691
6869
3945
2338
2774
7803
3829
7861
820
6643
4533
4925
6471
1198
2092
4635
201
4876
6598
1003
6136
1796
6160
1117
3719
1221
5582
3666
1020
5896
2808
3451
7415
3475
253
7604
1368
6916
7419
3155
4257
1087
2370
1621
7759
5844
7627
3763
1987
5894
3532
2151
2600
6646
7022
3508
2356
671
5410
5657
540
6290
5317
4800
691
5781
4112
4098
2068
3158
6250
3860
4444
1759
1520
3502
369
3835
1162
6703
2409
7355
674
1815
756
2953
5185
4364
7704
5245
7153
2226
6742
2146
6908
3843
1120
3638
350
5814
2887
2808
1519
7964
7786
160
6260
1748
672
748
1560
2070
4543
2811
3548
5515
2715
567
1105
6866
5109
7981
3555
4450
7303
7005
1926
270
2557
894
2712
5605
1680
4125
6971
5847
3539
6281
1376
1499
613
5123
1674
4551
3495
4608
1961
2248
607
6550
2632
2675
8075
6961
3745
410
2451
5920
1236
7958
7026
5277
5912
5160
4575
6495
3410
637
6242
4129
3017
6808
6966
5967
3182
1468
135
6130
3491
6583
2674
6696
1044
3191
1015
3908
7567
1745
3885
6255
2536
6534
6595
6800
6768
7189
6766
3227
6730
811
7574
2730
5263
3062
260
5310
4174
4324
7688
430
3466
1039
4264
7592
360
5374
4860
662
6101
1191
7200
3231
4897
6595
2498
4550
7381
6870
297
8034
7786
7694
8044
568
6805
7520
7882
2690
3775
7755
4415
7404
5257
4777
1247
7264
1047
5469
637
4584
1266
2585
3059
7694
4592
8000
514
2480
3092
4550
1487
6558
7017
1805
5345
5313
4998
802
5600
1087
296
1639
2901
3825
7679
6356
3612
4587
5528
7233
5712
5177
5690
3090
1092
2493
3502
5475
4685
6871
4845
7638
4200
5642
908
1598
5522
5497
2208
5674
4511
6935
556
5337
7527
2571
7717
5297
7378
5705
4368
6646
8142
5705
5997
1002
4206
6986
426
5252
4790
5330
3562
5403
5452
4154
7077
5175
3284
7584
7299
725
6659
4273
1559
1616
6111
4321
1504
5783
7257
4567
2525
6367
2656
6336
4959
1371
2509
6938
250
378
4005
5468
3478
4237
7681
3525
435
7910
4553
773
5380
7729
5831
3635
7407
4350
6873
2824
383
4999
47
2927
6796
2292
8184
5727
5576
3637
5547
2830
364
657
3266
7320
8060
1030
5117
3794
4984
7753
7286
979
4383
3074
6824
3246
1476
1299
7835
7057
7553
2811
3097
3028
4757
991
7505
2550
6559
596
2924
1261
4731
4153
1011
5317
6279
6373
985
4579
1374
5020
2891
7962
2182
3067
2048
4642
1297
5342
2821
7892
418
5207
636
6712
8135
6390
7736
5802
839
2807
4718
6343
4167
1937
1972
402
4622
6456
5241
2630
2030
31
377
2962
1760
6439
4607
6811
3796
867
6073
283
2520
7528
3143
786
1126
4764
3265
6646
3404
6252
2575
3197
3374
7403
6428
5131
6917
8103
7648
7704
7672
5756
5951
7350
2593
2830
2791
2121
6342
1442
6073
8029
5519
6836
7559
6409
4971
704
8010
755
7065
1292
501
4285
2028
2687
674
7387
2794
1759
7354
885
7264
4279
2691
3591
7906
885
3123
7414
4339
5746
6715
7059
3735
3989
1553
5899
386
1128
2108
4460
5159
6236
1071
6388
2487
4874
3405
2104
4545
6964
3333
1111
618
4704
6045
3154
181
5365
2194
4324
5993
80
6168
4222
7170
3757
4841
2370
2881
52
5444
3111
5306
8109
4844
3725
3899
7680
934
3158
8045
1353
2082
1239
264
649
5266
5964
3821
5748
6275
2474
6543
2861
6846
7270
1206
3779
6994
490
2907
515
4798
6661
1471
2957
5672
5653
839
2485
3992
5810
4201
5823
4480
6343
2928
60
154
3421
4884
3345
981
530
3936
3176
1475
6040
5826
1464
3245
5175
306
7407
5755
2203
5816
795
3758
4143
4786
6264
5771
6712
1366
2149
7100
1030
2751
1856
2891
3834
5283
3143
2798
5729
4165
3524
812
3162
2644
4320
5277
5041
8130
3466
5389
827
4326
8141
4927
1292
1909
6258
1331
5562
6237
1437
2246
6889
4816
2076
557
91
4065
6812
6907
5247
6500
2604
6381
3434
719
3392
6500
1034
1619
7469
2183
7639
1792
5436
5942
2730
7060
1915
4951
1692
4076
6203
1978
4323
4343
3715
7704
1461
8012
1648
7964
3166
7868
3318
593
6434
5935
4392
692
375
6684
7289
1202
759
2413
1261
4504
6838
7579
6020
5689
5829
512
4241
3399
1516
3422
3181
8183
1158
4232
1560
802
7216
7552
6283
2834
6952
854
2264
2530
364
7829
5900
625
4295
1249
365
3909
2505
7375
2477
269
1884
7242
1193
6295
3991
1436
2416
7932
4052
7805
5562
2501
6197
1606
6371
2675
5088
4785
4579
6194
4678
1173
4363
1348
4617
4668
1620
4552
4330
4311
5170
6309
4850
6599
7722
7513
3412
4204
2195
1129
301
4527
7426
1432
5894
2912
7191
1561
5917
7911
3826
7777
559
3729
4689
2653
2151
1640
4326
1020
4009
7480
5928
1716
5120
4618
2123
5969
4598
8056
7573
2174
386
880
5880
2650
1049
1559
2324
1588
3447
3523
7083
3388
6604
7124
8064
1407
4726
62
5070
2441
4714
452
3605
6030
7651
5512
6423
7937
746
2017
7550
437
6037
2701
5554
20
2988
4484
1033
5057
4751
7739
5412
3371
5242
5463
424
2714
830
4450
3710
6730
4296
402
4418
2844
3179
3082
2017
2572
5298
7082
5020
1671
4948
934
1632
6792
1417
1680
3389
102
3931
5726
5843
748
2514
54
7446
4301
4338
6296
1582
2470
3943
2159
7112
6372
1402
7062
7347
7349
4026
5148
75
3422
8185
6456
1357
7241
4857
5344
796
7031
1362
8184
4303
6539
4325
1775
5404
7039
5674
2848
2972
1056
5344
470
7617
2309
717
194
58
3506
4833
6993
3013
5816
2926
2265
7036
3983
1819
2727
7208
7084
7097
677
80
4399
2830
7035
3492
1352
6681
4556
2362
4781
375
5037
5200
2458
2554
2215
3687
959
3175
1035
7911
7560
1503
7558
710
3410
3787
5084
3652
3575
5165
6832
3794
6402
3853
4000
3258
4385
939
6227
6484
6442
7219
7793
2136
8038
3666
2098
5537
1254
7956
3693
7361
1130
1842
1361
6154
371
201
1428
2763
2969
4989
5385
334
7252
4156
4819
7998
6032
4773
4235
7773
1430
4023
5382
3310
5365
4175
6769
3318
2574
7295
5594
2917
2581
7794
7119
3876
2786
501
7976
4238
7706
6296
3763
879
1850
1682
5788
7343
4669
1851
1343
5438
1437
7386
2433
1856
4141
2604
6494
4017
2909
7480
1523
4806
3961
3408
6410
4711
1799
2268
1834
190
7724
3010
869
4457
3838
4651
6982
3244
2797
6081
6052
4961
2239
4854
721
4935
973
2238
2420
6472
7306
4592
2011
2561
4254
4918
205
7104
3853
4261
7068
2592
2897
1872
8070
6703
2956
7496
2393
5783
7377
2811
7736
3362
5838
4195
3037
4255
606
3064
4196
27
312
4061
4506
2821
536
6796
7066
4729
5399
419
5859
6281
1213
1625
7641
3639
7028
2998
4063
5079
5972
1991
493
6116
5896
617
7096
7844
8164
1306
8063
1624
8010
7690
3825
7158
6775
3030
313
2236
3645
2478
5480
858
4925
2405
3306
4342
1358
6648
4154
5798
