8188
8186
8185
8184
8166
8162
8162
8160
8151
8150
8148
8143
8141
8133
8132
8127
8126
8124
8124
8122
8121
8118
8114
8105
8103
8099
8090
8088
8086
8074
8069
8069
8069
8067
8061
8060
8058
8046
8040
8038
8037
8036
8026
8026
8024
8023
8020
8019
8016
8015
8009
8009
8007
8004
8003
7997
7995
7991
7988
7985
7984
7974
7973
7971
7971
7952
7952
7951
7951
7951
7938
7937
7934
7933
7928
7926
7921
7918
7911
7905
7902
7894
7887
7884
7881
7879
7872
7869
7865
7862
7861
7856
7851
7849
7847
7835
7830
7829
7828
7827
7825
7824
7824
7823
7819
7814
7810
7810
7794
7793
7792
7790
7780
7780
7776
7759
7758
7754
7750
7749
7744
7741
7731
7717
7707
7703
7702
7698
7698
7680
7680
7675
7674
7673
7671
7670
7669
7669
7666
7642
7638
7634
7622
7617
7615
7611
7608
7607
7595
7590
7588
7584
7583
7576
7575
7568
7564
7562
7560
7556
7555
7555
7554
7552
7547
7544
7541
7533
7532
7527
7527
7525
7524
7522
7521
7512
7512
7505
7485
7480
7478
7463
7462
7460
7456
7424
7419
7415
7408
7407
7403
7402
7397
7395
7395
7387
7382
7380
7375
7367
7365
7364
7363
7362
7360
7359
7354
7354
7352
7352
7351
7349
7348
7345
7344
7342
7335
7335
7333
7330
7328
7319
7313
7308
7304
7300
7293
7289
7289
7286
7281
7279
7278
7277
7271
7270
7267
7267
7266
7264
7261
7261
7259
7248
7240
7233
7229
7223
7215
7214
7206
7205
7197
7197
7197
7195
7187
7181
7173
7171
7171
7154
7153
7150
7148
7145
7131
7131
7127
7124
7118
7116
7114
7109
7103
7103
7096
7095
7085
7084
7082
7080
7078
7076
7075
7075
7065
7060
7060
7056
7052
7052
7047
7039
7039
7037
7035
7028
7027
7027
7024
7023
7020
7015
7012
7002
7002
6997
6989
6988
6988
6985
6976
6972
6968
6951
6949
6948
6940
6938
6938
6926
6922
6919
6917
6916
6904
6902
6902
6901
6899
6896
6892
6888
6887
6886
6882
6863
6851
6840
6839
6837
6836
6834
6833
6833
6833
6833
6832
6830
6827
6817
6814
6813
6812
6790
6788
6787
6787
6787
6786
6771
6766
6761
6760
6760
6757
6756
6749
6749
6748
6742
6739
6736
6716
6716
6714
6705
6704
6704
6703
6694
6693
6690
6689
6689
6666
6663
6660
6657
6648
6641
6639
6638
6634
6633
6623
6616
6611
6607
6601
6599
6583
6581
6579
6576
6575
6574
6572
6561
6551
6548
6547
6546
6546
6545
6535
6530
6525
6525
6512
6511
6505
6504
6498
6494
6489
6484
6480
6480
6473
6472
6471
6463
6457
6453
6450
6446
6446
6435
6435
6432
6426
6423
6420
6415
6409
6404
6403
6399
6393
6379
6376
6376
6368
6366
6339
6335
6333
6332
6330
6329
6326
6324
6322
6321
6319
6318
6312
6309
6303
6299
6298
6298
6295
6294
6288
6282
6279
6272
6258
6255
6255
6252
6246
6243
6243
6241
6241
6236
6224
6220
6217
6214
6214
6208
6201
6196
6190
6187
6174
6172
6168
6167
6164
6154
6149
6146
6139
6113
6107
6104
6104
6103
6102
6093
6085
6083
6069
6062
6060
6058
6056
6046
6045
6044
6039
6038
6025
6024
6024
6024
6022
6019
6016
6012
6009
5996
5996
5992
5989
5989
5988
5984
5981
5977
5975
5959
5954
5953
5953
5952
5952
5951
5949
5948
5946
5939
5929
5919
5914
5910
5908
5907
5904
5901
5901
5898
5897
5897
5891
5884
5878
5869
5867
5865
5858
5856
5845
5841
5836
5834
5830
5824
5821
5821
5813
5810
5805
5804
5804
5798
5797
5791
5786
5781
5781
5775
5770
5769
5766
5757
5751
5745
5745
5741
5737
5737
5734
5730
5729
5725
5725
5725
5719
5719
5718
5715
5712
5712
5710
5710
5703
5703
5701
5694
5692
5692
5669
5667
5663
5661
5660
5659
5657
5650
5649
5645
5642
5632
5629
5624
5623
5622
5615
5612
5602
5596
5594
5590
5584
5583
5572
5572
5564
5560
5559
5552
5546
5543
5542
5534
5534
5531
5531
5529
5528
5528
5527
5525
5523
5521
5517
5509
5500
5496
5492
5486
5481
5481
5479
5472
5464
5463
5463
5461
5461
5459
5456
5452
5451
5449
5448
5447
5446
5434
5428
5425
5420
5415
5415
5414
5403
5401
5398
5393
5391
5390
5388
5386
5386
5386
5382
5377
5377
5376
5368
5367
5365
5363
5363
5358
5357
5351
5347
5346
5345
5342
5339
5338
5334
5330
5328
5328
5325
5320
5317
5310
5308
5306
5298
5295
5291
5288
5276
5266
5264
5260
5235
5232
5221
5221
5219
5218
5207
5206
5206
5198
5186
5183
5179
5178
5172
5169
5160
5157
5153
5143
5142
5135
5134
5132
5131
5125
5124
5117
5114
5111
5107
5107
5107
5098
5094
5091
5089
5083
5082
5070
5061
5060
5058
5057
5057
5048
5044
5043
5041
5040
5039
5035
5033
5026
5023
5020
5019
5018
5018
5014
5013
5010
5009
5000
4996
4990
4986
4971
4970
4970
4964
4964
4963
4956
4945
4945
4940
4937
4934
4930
4928
4923
4915
4910
4910
4902
4894
4884
4884
4882
4877
4869
4868
4861
4856
4856
4832
4827
4826
4825
4822
4814
4808
4808
4806
4797
4794
4793
4792
4790
4785
4766
4766
4761
4759
4752
4749
4743
4732
4726
4725
4724
4714
4713
4711
4711
4700
4698
4698
4692
4679
4678
4673
4670
4669
4660
4651
4650
4647
4646
4642
4640
4635
4635
4627
4621
4619
4616
4609
4609
4608
4606
4605
4571
4568
4561
4560
4544
4538
4537
4533
4527
4526
4526
4521
4517
4513
4507
4503
4502
4495
4489
4481
4480
4475
4474
4474
4474
4455
4453
4452
4447
4446
4446
4440
4440
4440
4438
4432
4425
4415
4410
4410
4398
4397
4388
4388
4387
4385
4385
4381
4381
4376
4366
4356
4353
4344
4340
4338
4331
4325
4321
4321
4317
4312
4306
4302
4288
4280
4276
4273
4264
4263
4259
4258
4255
4247
4245
4240
4238
4231
4226
4222
4215
4211
4209
4205
4200
4198
4197
4197
4187
4185
4181
4172
4169
4169
4165
4158
4158
4145
4144
4139
4123
4122
4120
4108
4107
4101
4101
4093
4088
4088
4083
4074
4074
4053
4047
4046
4038
4036
4029
4028
4022
4022
4009
4008
4008
3992
3981
3979
3974
3972
3967
3964
3962
3958
3956
3956
3941
3940
3924
3920
3919
3913
3901
3899
3897
3891
3891
3886
3885
3872
3872
3865
3860
3858
3855
3851
3845
3838
3836
3833
3830
3826
3825
3825
3819
3816
3815
3811
3808
3804
3800
3792
3791
3790
3789
3783
3775
3761
3756
3753
3753
3751
3744
3742
3736
3732
3725
3723
3722
3714
3701
3698
3697
3688
3687
3684
3675
3674
3672
3672
3671
3670
3666
3663
3651
3645
3643
3632
3631
3625
3623
3620
3611
3604
3599
3595
3592
3585
3578
3571
3566
3556
3552
3546
3542
3541
3540
3530
3529
3527
3527
3522
3517
3515
3515
3512
3492
3489
3489
3486
3478
3476
3471
3467
3460
3456
3454
3451
3450
3449
3449
3448
3444
3443
3436
3433
3425
3420
3410
3407
3404
3402
3402
3393
3392
3388
3388
3386
3384
3382
3377
3375
3375
3370
3370
3367
3367
3366
3361
3360
3358
3352
3350
3345
3344
3343
3339
3333
3320
3317
3316
3310
3296
3295
3290
3289
3275
3274
3265
3265
3261
3261
3260
3258
3254
3252
3243
3235
3235
3222
3214
3209
3204
3200
3195
3192
3191
3186
3181
3168
3162
3161
3159
3148
3147
3144
3142
3140
3135
3135
3134
3128
3121
3116
3115
3109
3105
3101
3092
3083
3080
3080
3078
3074
3072
3067
3060
3054
3049
3046
3044
3042
3040
3038
3026
3024
3013
3011
3007
3005
3002
3002
3001
2987
2983
2981
2980
2979
2975
2971
2969
2965
2964
2962
2960
2959
2952
2948
2946
2934
2934
2917
2916
2911
2911
2907
2907
2906
2905
2901
2900
2899
2888
2887
2885
2882
2881
2877
2877
2860
2853
2846
2843
2837
2836
2836
2832
2830
2822
2819
2817
2814
2809
2803
2802
2800
2799
2799
2797
2796
2793
2792
2791
2788
2785
2782
2781
2780
2777
2760
2759
2758
2744
2744
2743
2741
2740
2736
2730
2724
2723
2721
2718
2718
2717
2714
2708
2703
2696
2692
2682
2676
2666
2662
2657
2653
2645
2642
2638
2617
2614
2609
2604
2590
2587
2585
2579
2577
2573
2572
2570
2564
2563
2562
2561
2556
2555
2551
2543
2538
2536
2534
2530
2524
2518
2506
2503
2497
2490
2487
2480
2479
2472
2471
2470
2468
2466
2465
2457
2452
2452
2452
2451
2451
2447
2441
2440
2439
2434
2433
2423
2422
2420
2418
2413
2411
2407
2395
2394
2389
2387
2387
2384
2383
2377
2361
2355
2354
2348
2347
2332
2325
2323
2321
2320
2317
2314
2314
2308
2304
2303
2300
2299
2295
2294
2293
2291
2290
2290
2277
2274
2269
2266
2262
2252
2250
2245
2239
2234
2232
2221
2214
2210
2206
2203
2201
2200
2189
2189
2184
2178
2174
2170
2160
2152
2151
2150
2149
2149
2144
2118
2117
2113
2110
2102
2091
2088
2079
2076
2075
2068
2066
2065
2064
2063
2060
2060
2057
2054
2047
2042
2040
2027
2024
2021
2019
2013
2012
2003
2002
1999
1999
1997
1993
1993
1988
1982
1975
1972
1967
1965
1955
1954
1945
1934
1927
1925
1924
1923
1920
1919
1911
1903
1895
1894
1891
1890
1883
1883
1875
1861
1858
1847
1846
1845
1844
1843
1838
1836
1836
1834
1818
1817
1807
1802
1801
1801
1798
1796
1791
1784
1782
1780
1779
1758
1755
1750
1749
1748
1746
1741
1736
1735
1734
1726
1719
1707
1701
1699
1691
1690
1670
1670
1661
1656
1655
1639
1620
1620
1619
1618
1617
1615
1608
1604
1601
1583
1581
1579
1576
1570
1567
1565
1560
1559
1554
1541
1536
1531
1529
1527
1524
1523
1510
1504
1503
1500
1499
1494
1493
1486
1481
1480
1480
1475
1471
1467
1467
1467
1459
1456
1456
1454
1448
1448
1439
1438
1436
1426
1405
1405
1402
1399
1395
1390
1390
1388
1379
1374
1370
1366
1364
1360
1360
1360
1350
1349
1344
1339
1323
1322
1322
1321
1295
1290
1289
1288
1287
1284
1277
1274
1270
1269
1264
1263
1261
1253
1250
1244
1242
1235
1232
1224
1221
1221
1218
1216
1199
1198
1197
1196
1194
1191
1189
1183
1179
1177
1173
1171
1169
1168
1165
1152
1141
1137
1136
1133
1130
1128
1124
1123
1120
1117
1115
1110
1109
1104
1101
1098
1088
1086
1085
1079
1077
1070
1068
1057
1056
1056
1046
1035
1034
1031
1030
1028
1020
1017
1016
999
989
988
987
975
971
963
961
957
955
954
949
947
946
946
941
940
935
934
930
928
923
923
920
917
912
908
900
897
888
887
885
883
879
874
872
870
870
869
868
867
861
858
850
842
841
840
832
832
829
826
823
822
810
809
806
806
804
802
791
786
785
776
767
767
766
765
765
762
756
748
745
744
741
736
732
729
726
720
719
718
716
710
700
697
696
696
690
689
688
686
685
682
670
670
663
659
643
638
633
631
625
623
620
616
612
611
597
593
587
586
584
584
580
579
573
568
565
564
562
561
560
559
552
547
543
535
526
523
522
510
507
494
492
491
490
484
483
481
476
475
471
466
461
458
449
449
448
445
442
439
436
435
431
430
427
426
424
423
422
420
419
416
411
408
407
405
405
393
383
375
370
367
366
365
365
362
357
356
355
352
350
347
339
334
332
321
317
317
309
295
287
282
272
269
266
263
261
259
249
237
230
229
227
224
211
210
208
206
192
192
180
179
167
166
165
164
161
159
157
153
147
146
141
140
133
121
121
120
119
116
114
110
109
99
96
89
88
84
70
67
65
64
62
56
52
52
44
42
41
38
37
32
32
31
21
20
18
15
0
0
