8082
8053
8034
8011
8011
8002
7974
7970
7949
7840
7775
7714
7672
7656
7627
7593
7570
7565
7549
7447
7370
7357
7348
7323
7239
7182
7137
7073
7060
7034
6963
6961
6925
6860
6674
6662
6652
6624
6510
6478
6474
6409
6381
6362
6325
6259
6121
6084
6054
5975
5935
5910
5906
5864
5791
5724
5709
5692
5679
5665
5535
5451
5446
5418
5260
5147
5081
5025
4983
4951
4922
4857
4798
4798
4758
4756
4737
4681
4664
4613
4551
4547
4541
4441
4281
4212
4202
4169
4166
4154
4113
4088
4069
4065
4046
3995
3949
3917
3863
3833
3824
3811
3724
3716
3603
3565
3536
3454
3448
3410
3393
3345
3294
3236
3213
3118
3113
3112
3000
2917
2909
2742
2643
2639
2629
2628
2579
2492
2430
2294
2281
2274
2245
2228
2218
2211
2156
2095
2070
2063
2051
2012
1978
1950
1878
1842
1788
1660
1656
1652
1634
1617
1559
1543
1517
1511
1493
1470
1424
1402
1390
1375
1371
1365
1346
1345
1292
1270
1183
1142
1060
1060
982
973
949
932
886
871
869
864
825
799
796
779
725
679
668
663
654
578
558
556
538
434
360
359
241
39
28
20
